player,season,team,salary,salary_cap_pct,salary_tier,is_contract_year,age,gp,min,pie,ts_pct,usg_pct,fgm_pg,fg_pct,pred_salary_cap_pct,residual_actual_minus_pred,abs_residual
Ben Simmons,2024-25,TOT,40011909.0,28.46,max,0,28.0,51,22.0,0.103,0.539,0.133,2.3,0.52,7.950200201864576,20.509799798135425,20.509799798135425
Gordon Hayward,2018-19,BOS,31214295.0,30.64,max,0,29.0,72,25.9,0.114,0.575,0.183,4.1,0.466,10.225844518312813,20.41415548168719,20.41415548168719
Ben Simmons,2022-23,BRK,35448672.0,28.67,max,0,26.0,42,26.3,0.101,0.559,0.142,3.2,0.566,8.981593276352298,19.688406723647702,19.688406723647702
Steven Adams,2020-21,NOP,29592695.0,27.11,max,0,27.0,58,27.7,0.09,0.596,0.118,3.3,0.614,8.22009686723325,18.889903132766747,18.889903132766747
Russell Westbrook,2025-26,SAC,2296274.0,1.48,bench,0,37.0,64,28.9,0.105,0.528,0.252,5.6,0.427,20.040802682414192,-18.56080268241419,18.56080268241419
Russell Westbrook,2022-23,TOT,46791220.0,37.84,max,0,34.0,73,29.1,0.115,0.513,0.266,5.9,0.436,19.30412218769062,18.535877812309383,18.535877812309383
John Wall,2020-21,HOU,41254920.0,37.8,max,0,30.0,40,32.2,0.114,0.503,0.316,7.3,0.404,19.374776109879527,18.42522389012047,18.42522389012047
Russell Westbrook,2021-22,LAL,44211146.0,39.33,max,0,33.0,78,34.3,0.113,0.512,0.264,7.0,0.444,21.015954213470316,18.314045786529682,18.314045786529682
Carmelo Anthony,2019-20,POR,2159029.0,1.98,bench,0,36.0,58,32.8,0.078,0.525,0.214,5.8,0.43,20.19563779594818,-18.21563779594818,18.21563779594818
Pascal Siakam,2019-20,TOR,2351839.0,2.15,bench,1,26.0,60,35.2,0.129,0.554,0.278,8.3,0.453,20.355019789014314,-18.205019789014315,18.205019789014315
Bradley Beal,2024-25,PHO,50203930.0,35.71,max,0,32.0,53,32.1,0.093,0.598,0.219,6.5,0.497,17.706877689434396,18.003122310565605,18.003122310565605
Blake Griffin,2020-21,TOT,33447548.0,30.65,max,0,32.0,46,25.8,0.092,0.546,0.191,3.8,0.423,13.563686857561526,17.08631314243847,17.08631314243847
Desmond Bane,2023-24,MEM,3845083.0,2.83,bench,1,26.0,42,34.4,0.128,0.589,0.273,8.6,0.464,19.70271483266343,-16.872714832663426,16.872714832663426
Bismack Biyombo,2016-17,ORL,17000000.0,18.06,star,0,24.0,81,22.1,0.087,0.546,0.134,2.2,0.528,1.2609836006876385,16.79901639931236,16.79901639931236
Dwyane Wade,2018-19,MIA,2393887.0,2.35,bench,0,37.0,72,26.2,0.115,0.51,0.269,5.8,0.433,19.072058327402434,-16.722058327402433,16.722058327402433
Rudy Gobert,2022-23,MIN,38172414.0,30.87,max,0,31.0,70,30.7,0.137,0.675,0.161,5.1,0.659,14.368140740788494,16.501859259211507,16.501859259211507
Chandler Parsons,2016-17,MEM,22116750.0,23.49,star,0,28.0,34,19.8,0.056,0.436,0.181,2.2,0.338,7.06358475047368,16.42641524952632,16.42641524952632
Bismack Biyombo,2017-18,ORL,17000000.0,17.17,star,0,25.0,82,18.2,0.098,0.556,0.146,2.2,0.52,0.7751272752737037,16.394872724726298,16.394872724726298
Chandler Parsons,2017-18,MEM,23112004.0,23.34,star,0,29.0,36,19.2,0.092,0.578,0.18,3.0,0.462,6.987568736730156,16.352431263269843,16.352431263269843
Rudy Gobert,2024-25,MIN,43827586.0,31.17,max,0,33.0,72,33.2,0.126,0.687,0.129,4.7,0.669,15.30075418367535,15.869245816324652,15.869245816324652
Rudy Gobert,2021-22,UTA,35344828.0,31.44,max,0,30.0,66,32.1,0.177,0.732,0.166,5.5,0.713,15.720949482468013,15.719050517531988,15.719050517531988
Tyrese Haliburton,2024-25,IND,42176400.0,30.0,max,0,25.0,73,33.6,0.143,0.616,0.21,6.5,0.473,14.35747360303787,15.64252639696213,15.64252639696213
Chris Paul,2020-21,PHO,41358814.0,37.9,max,0,36.0,70,31.4,0.15,0.599,0.221,6.3,0.499,22.28603877040858,15.613961229591418,15.613961229591418
Lauri Markkanen,2024-25,UTA,42176400.0,30.0,max,0,28.0,47,31.4,0.103,0.571,0.231,6.3,0.423,14.450285626895674,15.549714373104326,15.549714373104326
Tyrese Maxey,2023-24,PHI,4343920.0,3.19,bench,1,23.0,70,37.5,0.129,0.573,0.273,9.1,0.45,18.653651456478975,-15.463651456478976,15.463651456478976
Chris Paul,2018-19,HOU,35654150.0,35.0,max,0,34.0,58,32.0,0.138,0.56,0.22,5.2,0.419,19.602271078444605,15.397728921555395,15.397728921555395
Desmond Bane,2022-23,MEM,2130240.0,1.72,bench,1,25.0,58,31.7,0.131,0.606,0.252,7.8,0.479,17.111946425479015,-15.391946425479015,15.391946425479015
LaMarcus Aldridge,2021-22,BRK,2641691.0,2.35,bench,0,36.0,47,22.3,0.128,0.604,0.219,5.4,0.55,17.620563998856525,-15.270563998856526,15.270563998856526
Tobias Harris,2022-23,PHI,37633050.0,30.43,max,0,30.0,74,32.9,0.105,0.602,0.18,5.7,0.501,15.27400250910405,15.155997490895949,15.155997490895949
Stephen Curry,2021-22,GSW,45780966.0,40.73,max,0,34.0,64,34.5,0.155,0.601,0.293,8.4,0.437,25.575650928887455,15.154349071112541,15.154349071112541
Donovan Mitchell,2020-21,UTA,5195501.0,4.76,bench,1,24.0,53,33.4,0.138,0.569,0.327,9.0,0.438,19.846491042266685,-15.086491042266685,15.086491042266685
Derrick Rose,2018-19,MIN,2176260.0,2.14,bench,1,30.0,51,27.3,0.128,0.557,0.261,7.1,0.482,17.14512969609297,-15.005129696092968,15.005129696092968
Domantas Sabonis,2019-20,IND,3529555.0,3.23,bench,1,24.0,62,34.8,0.156,0.586,0.229,7.4,0.54,18.21685497695607,-14.98685497695607,14.98685497695607
Jalen Johnson,2024-25,ATL,4510905.0,3.21,bench,1,23.0,36,35.7,0.135,0.569,0.214,7.5,0.5,18.196490357505173,-14.986490357505172,14.986490357505172
Allen Crabbe,2016-17,POR,18500000.0,19.65,star,0,25.0,79,28.5,0.074,0.602,0.146,3.8,0.468,4.700283380964426,14.949716619035573,14.949716619035573
Bismack Biyombo,2018-19,CHO,17000000.0,16.69,star,0,26.0,54,14.5,0.085,0.602,0.128,1.6,0.571,1.810738955751999,14.879261044248002,14.879261044248002
Blake Griffin,2019-20,DET,34234964.0,31.37,max,0,31.0,18,28.5,0.084,0.476,0.277,4.9,0.352,16.492068508437008,14.877931491562993,14.877931491562993
Chris Paul,2019-20,OKC,38506482.0,35.28,max,0,35.0,70,31.5,0.153,0.61,0.228,6.2,0.489,20.47797282263998,14.80202717736002,14.80202717736002
Devin Booker,2024-25,PHO,49205800.0,35.0,max,0,28.0,75,37.3,0.122,0.589,0.285,8.7,0.461,20.338204337857647,14.661795662142353,14.661795662142353
Ben Simmons,2020-21,PHI,30559200.0,28.0,max,0,24.0,58,32.4,0.128,0.584,0.2,5.6,0.557,13.338518208457122,14.661481791542878,14.661481791542878
John Collins,2019-20,ATL,2686560.0,2.46,bench,1,22.0,41,33.2,0.152,0.659,0.224,8.6,0.583,17.09443825565947,-14.634438255659468,14.634438255659468
Carmelo Anthony,2020-21,POR,1620564.0,1.48,bench,1,37.0,69,24.5,0.088,0.547,0.228,4.7,0.421,16.038607738506382,-14.558607738506382,14.558607738506382
Fred VanVleet,2024-25,HOU,42846615.0,30.48,max,0,31.0,60,35.2,0.093,0.515,0.176,4.8,0.378,16.04574122501981,14.43425877498019,14.43425877498019
Nicolas Batum,2019-20,CHO,25565217.0,23.42,star,0,31.0,22,23.0,0.068,0.463,0.093,1.3,0.346,9.07848293479172,14.341517065208281,14.341517065208281
Jonathan Isaac,2024-25,ORL,25000000.0,17.78,star,0,27.0,71,15.4,0.108,0.512,0.155,1.9,0.414,3.450874578047461,14.32912542195254,14.32912542195254
Zach LaVine,2025-26,SAC,47499660.0,30.71,max,0,31.0,39,31.4,0.096,0.614,0.234,6.7,0.479,16.387818083313746,14.322181916686255,14.322181916686255
Evan Mobley,2025-26,CLE,46394100.0,30.0,max,0,24.0,65,31.9,0.135,0.596,0.221,7.2,0.546,15.69314854359016,14.30685145640984,14.30685145640984
Bradley Beal,2023-24,PHO,46741590.0,34.36,max,0,31.0,53,33.3,0.106,0.607,0.224,7.1,0.513,20.08209580905023,14.27790419094977,14.27790419094977
Myles Turner,2022-23,IND,35069500.0,28.36,max,0,27.0,62,29.4,0.125,0.651,0.225,6.5,0.548,14.153791567600358,14.206208432399642,14.206208432399642
Jalen Williams,2024-25,OKC,4775760.0,3.4,bench,1,24.0,69,32.4,0.138,0.573,0.27,8.2,0.484,17.599501425742105,-14.199501425742104,14.199501425742104
Luka Dončić,2021-22,DAL,10174391.0,9.05,starter,1,23.0,65,35.4,0.191,0.571,0.368,9.9,0.457,23.24808735218418,-14.198087352184178,14.198087352184178
Tobias Harris,2021-22,PHI,35995950.0,32.02,max,0,29.0,73,34.8,0.115,0.566,0.214,6.8,0.482,17.842977985412023,14.17702201458798,14.17702201458798
Mike Conley,2019-20,UTA,32511623.0,29.79,max,0,32.0,47,29.0,0.096,0.537,0.223,4.9,0.409,15.688608190930058,14.101391809069941,14.101391809069941
Stephen Curry,2024-25,GSW,55761216.0,39.66,max,0,37.0,70,32.2,0.145,0.618,0.286,8.1,0.448,25.590901000519846,14.06909899948015,14.06909899948015
Karl-Anthony Towns,2025-26,NYK,53142264.0,34.36,max,0,30.0,75,31.0,0.154,0.619,0.251,6.9,0.501,20.30411354681522,14.05588645318478,14.05588645318478
Klay Thompson,2023-24,GSW,43219440.0,31.77,max,0,34.0,77,29.7,0.09,0.576,0.234,6.4,0.432,17.767158324029598,14.002841675970402,14.002841675970402
Paul George,2024-25,PHI,49205800.0,35.0,max,0,35.0,41,32.5,0.106,0.543,0.233,6.0,0.43,21.011876144097165,13.988123855902835,13.988123855902835
Otto Porter,2017-18,WAS,24773250.0,25.02,max,0,25.0,77,31.6,0.124,0.602,0.182,5.8,0.503,11.044245156651499,13.9757548433485,13.9757548433485
Jaylen Brown,2024-25,BOS,49205800.0,35.0,max,0,28.0,63,34.3,0.114,0.555,0.282,8.2,0.463,21.028638112657426,13.971361887342574,13.971361887342574
Andrew Wiggins,2021-22,GSW,31579390.0,28.09,max,0,27.0,73,31.9,0.097,0.56,0.224,6.5,0.466,14.120335528928644,13.969664471071356,13.969664471071356
Carmelo Anthony,2021-22,LAL,2641691.0,2.35,bench,0,38.0,69,26.0,0.089,0.579,0.195,4.6,0.441,16.26382964608789,-13.913829646087889,13.913829646087889
Al Horford,2025-26,GSW,5685000.0,3.68,bench,0,40.0,45,21.5,0.104,0.554,0.163,3.1,0.426,17.558421559792592,-13.878421559792592,13.878421559792592
Trae Young,2024-25,ATL,43031940.0,30.61,max,0,26.0,76,36.0,0.129,0.567,0.285,7.4,0.411,16.748407317527143,13.861592682472857,13.861592682472857
Joel Embiid,2024-25,PHI,51415938.0,36.57,max,0,31.0,19,30.2,0.169,0.58,0.342,7.4,0.444,22.76555234070176,13.80444765929824,13.80444765929824
Alperen Sengun,2023-24,HOU,3536280.0,2.6,bench,0,21.0,63,32.5,0.149,0.585,0.27,8.4,0.537,16.339341182002105,-13.739341182002105,13.739341182002105
Luka Dončić,2020-21,DAL,8049360.0,7.38,bench,1,22.0,66,34.3,0.179,0.587,0.35,9.8,0.479,21.11442018494049,-13.73442018494049,13.73442018494049
Nicolas Batum,2018-19,CHO,24000000.0,23.56,star,0,30.0,75,31.4,0.084,0.581,0.129,3.4,0.45,9.887865279225439,13.67213472077456,13.67213472077456
Devin Booker,2025-26,PHO,53142264.0,34.36,max,0,29.0,64,33.5,0.142,0.585,0.307,8.5,0.456,20.701822994552014,13.658177005447985,13.658177005447985
Russell Westbrook,2023-24,LAC,3835738.0,2.82,bench,1,35.0,68,22.5,0.113,0.514,0.239,4.4,0.454,16.471951241307792,-13.651951241307792,13.651951241307792
Donovan Mitchell,2019-20,UTA,3635760.0,3.33,bench,1,23.0,69,34.3,0.125,0.558,0.303,8.7,0.449,16.942522007716008,-13.612522007716008,13.612522007716008
Nikola Jokic,2017-18,DEN,1471382.0,1.49,bench,0,23.0,75,32.6,0.169,0.603,0.238,6.7,0.499,15.072757023959616,-13.582757023959616,13.582757023959616
Fred VanVleet,2023-24,HOU,40806300.0,30.0,max,0,30.0,73,36.8,0.118,0.568,0.194,5.8,0.416,16.418336146099225,13.581663853900775,13.581663853900775
Kevin Love,2021-22,CLE,31258256.0,27.81,max,0,33.0,74,22.5,0.152,0.594,0.239,4.4,0.43,14.273488800982879,13.53651119901712,13.53651119901712
Tyreke Evans,2017-18,MEM,3290000.0,3.32,bench,1,28.0,52,30.9,0.16,0.561,0.277,7.0,0.452,16.838489925959134,-13.518489925959134,13.518489925959134
Luka Dončić,2019-20,DAL,7683360.0,7.04,bench,0,21.0,61,33.6,0.194,0.585,0.355,9.5,0.463,20.54509748841939,-13.505097488419391,13.505097488419391
Trae Young,2022-23,ATL,37096500.0,30.0,max,0,24.0,73,34.8,0.143,0.573,0.313,8.2,0.429,16.539434243858466,13.460565756141534,13.460565756141534
Franz Wagner,2024-25,ORL,7007092.0,4.98,bench,1,23.0,60,33.7,0.153,0.558,0.306,9.0,0.463,18.300943874922076,-13.320943874922076,13.320943874922076
Kevin Love,2020-21,CLE,31258256.0,28.64,max,0,32.0,25,24.9,0.123,0.556,0.211,4.1,0.409,15.340749737710144,13.299250262289856,13.299250262289856
Paul Millsap,2017-18,DEN,31269231.0,31.58,max,0,33.0,38,30.1,0.105,0.549,0.217,5.3,0.464,18.342804107348478,13.23719589265152,13.23719589265152
CJ McCollum,2016-17,POR,3219579.0,3.42,bench,1,25.0,80,34.9,0.125,0.585,0.268,8.7,0.48,16.559229172038055,-13.139229172038055,13.139229172038055
Rudy Gobert,2023-24,MIN,41000000.0,30.14,max,0,32.0,76,34.1,0.136,0.675,0.152,5.3,0.661,17.023561860205277,13.116438139794724,13.116438139794724
Mike Conley,2020-21,UTA,34504132.0,31.61,max,0,33.0,51,29.4,0.131,0.589,0.224,5.6,0.444,18.620609837830408,12.989390162169592,12.989390162169592
Isaiah Thomas,2016-17,BOS,6587132.0,7.0,bench,0,28.0,76,33.8,0.161,0.625,0.332,9.0,0.463,19.976446357126214,-12.976446357126214,12.976446357126214
Devin Booker,2018-19,PHO,3314365.0,3.25,bench,1,22.0,64,35.0,0.134,0.584,0.32,9.2,0.467,16.221040720824753,-12.971040720824753,12.971040720824753
Jimmy Butler,2023-24,MIA,45183960.0,33.22,max,0,34.0,60,34.0,0.145,0.626,0.235,6.6,0.499,20.283476509450914,12.936523490549085,12.936523490549085
Khris Middleton,2022-23,MIL,37948276.0,30.69,max,0,31.0,33,24.3,0.123,0.551,0.259,5.4,0.436,17.758576545324548,12.931423454675453,12.931423454675453
Steven Adams,2019-20,OKC,25842697.0,23.68,star,0,26.0,63,26.7,0.136,0.604,0.168,4.5,0.592,10.763893723687351,12.916106276312648,12.916106276312648
Jimmy Butler,2025-26,GSW,54126450.0,35.0,max,0,36.0,38,31.1,0.155,0.646,0.226,6.3,0.519,22.12085434089574,12.87914565910426,12.87914565910426
Kyle Lowry,2018-19,TOR,31200000.0,30.63,max,0,33.0,65,34.1,0.115,0.562,0.191,4.7,0.411,17.77684295730108,12.853157042698918,12.853157042698918
DeMarcus Cousins,2018-19,GSW,5337000.0,5.24,bench,0,28.0,30,25.7,0.139,0.562,0.281,5.9,0.48,18.0628772390748,-12.822877239074801,12.822877239074801
Khris Middleton,2021-22,MIL,35500000.0,31.58,max,0,30.0,66,32.4,0.122,0.577,0.255,6.8,0.443,18.788388782904487,12.791611217095511,12.791611217095511
J.J. Barea,2018-19,DAL,3710850.0,3.64,bench,0,35.0,38,19.8,0.131,0.495,0.263,4.2,0.418,16.393646025113448,-12.753646025113447,12.753646025113447
Kevin Porter Jr.,2025-26,MIL,5134000.0,3.32,bench,0,26.0,38,33.2,0.132,0.567,0.236,6.3,0.465,16.067803349922507,-12.747803349922506,12.747803349922506
Shai Gilgeous-Alexander,2020-21,OKC,4141320.0,3.79,bench,1,22.0,35,33.7,0.146,0.623,0.283,8.2,0.508,16.36746966464646,-12.577469664646461,12.577469664646461
Bradley Beal,2022-23,WAS,43279250.0,35.0,max,0,30.0,50,33.5,0.129,0.593,0.288,8.9,0.506,22.520963157423328,12.479036842576672,12.479036842576672
Jimmy Butler,2019-20,MIA,32742000.0,30.0,max,0,30.0,58,33.8,0.159,0.585,0.246,5.9,0.455,17.53877458427382,12.46122541572618,12.46122541572618
Dirk Nowitzki,2017-18,DAL,5000000.0,5.05,bench,0,40.0,77,24.7,0.119,0.575,0.199,4.5,0.456,17.50372223153564,-12.45372223153564,12.45372223153564
Cam Thomas,2024-25,BRK,4041249.0,2.87,bench,1,23.0,25,31.2,0.122,0.575,0.328,8.0,0.438,15.321596867183224,-12.451596867183223,12.451596867183223
Ja Morant,2021-22,MEM,9603360.0,8.54,starter,1,22.0,57,33.1,0.163,0.575,0.33,10.2,0.493,20.95456156172889,-12.414561561728892,12.414561561728892
Donovan Mitchell,2018-19,UTA,3111480.0,3.05,bench,0,22.0,77,33.7,0.117,0.537,0.309,8.6,0.432,15.443790047390491,-12.393790047390493,12.393790047390493
Andrew Wiggins,2018-19,MIN,25467250.0,25.0,star,0,24.0,73,34.8,0.078,0.493,0.24,6.8,0.412,12.606224890497273,12.393775109502727,12.393775109502727
Andrew Wiggins,2020-21,GSW,29542010.0,27.07,max,0,26.0,71,33.3,0.099,0.568,0.229,7.1,0.477,14.678247425171941,12.39175257482806,12.39175257482806
Tyler Johnson,2019-20,TOT,19458123.0,17.83,star,0,28.0,39,18.2,0.066,0.504,0.177,2.5,0.388,5.44276193235324,12.38723806764676,12.38723806764676
D'Angelo Russell,2021-22,MIN,30013500.0,26.7,max,0,26.0,65,31.9,0.114,0.544,0.246,6.2,0.411,14.314168658306738,12.385831341693262,12.385831341693262
Paul Millsap,2018-19,DEN,29230769.0,28.69,max,0,34.0,70,27.1,0.113,0.57,0.191,4.6,0.484,16.350763139896237,12.339236860103764,12.339236860103764
Giannis Antetokounmpo,2016-17,MIL,2995421.0,3.18,bench,1,22.0,80,35.6,0.176,0.599,0.28,8.2,0.521,15.510545785395573,-12.330545785395573,12.330545785395573
Karl-Anthony Towns,2016-17,MIN,5960160.0,6.33,bench,0,21.0,82,37.0,0.17,0.618,0.271,9.8,0.542,18.608224397886822,-12.278224397886822,12.278224397886822
Jordan Poole,2025-26,NOP,31848215.0,20.59,star,0,26.0,39,23.9,0.073,0.53,0.235,4.2,0.372,8.322468638215131,12.267531361784869,12.267531361784869
Anthony Edwards,2024-25,MIN,42176400.0,30.0,max,0,23.0,79,36.3,0.14,0.595,0.307,9.1,0.447,17.73258216104076,12.26741783895924,12.26741783895924
Caris LeVert,2019-20,BRK,2625718.0,2.41,bench,1,25.0,45,29.6,0.111,0.514,0.284,6.9,0.425,14.649097438212412,-12.239097438212411,12.239097438212411
D'Angelo Russell,2020-21,MIN,28649250.0,26.25,max,0,25.0,42,28.5,0.114,0.555,0.283,6.7,0.431,14.01853107759734,12.23146892240266,12.23146892240266
Paul Millsap,2019-20,DEN,30500000.0,27.95,max,0,35.0,51,24.3,0.102,0.591,0.197,4.1,0.482,15.72253003613699,12.22746996386301,12.22746996386301
Stephen Curry,2018-19,GSW,37457154.0,36.77,max,0,31.0,69,33.8,0.152,0.641,0.292,9.2,0.472,24.561166733769056,12.208833266230947,12.208833266230947
Tyrese Haliburton,2022-23,IND,4215120.0,3.41,bench,1,23.0,56,33.6,0.159,0.624,0.238,7.4,0.49,15.576957696248462,-12.166957696248462,12.166957696248462
Tobias Harris,2020-21,PHI,34358850.0,31.48,max,0,28.0,62,32.5,0.145,0.597,0.237,7.6,0.512,19.328530813636892,12.151469186363109,12.151469186363109
Andre Iguodala,2021-22,GSW,2641691.0,2.35,bench,0,38.0,31,19.4,0.103,0.478,0.113,1.5,0.38,14.477682549003873,-12.127682549003874,12.127682549003874
Manu Ginobili,2017-18,SAS,2500000.0,2.52,bench,0,40.0,65,20.0,0.085,0.553,0.205,3.1,0.434,14.614038957430013,-12.094038957430014,12.094038957430014
Ian Mahinmi,2017-18,WAS,16661641.0,16.82,star,0,31.0,77,14.9,0.061,0.601,0.15,1.8,0.556,4.726128798371755,12.093871201628247,12.093871201628247
Devin Booker,2017-18,PHO,2319360.0,2.34,bench,1,21.0,54,34.5,0.123,0.561,0.301,8.4,0.432,14.42523039840095,-12.08523039840095,12.08523039840095
Alperen Şengün,2024-25,HOU,5424654.0,3.86,bench,1,22.0,76,31.5,0.153,0.545,0.259,7.5,0.496,15.939029584320505,-12.079029584320505,12.079029584320505
Stephen Curry,2023-24,GSW,51915615.0,38.17,max,0,36.0,74,32.7,0.14,0.616,0.302,8.8,0.45,26.094489152276154,12.075510847723848,12.075510847723848
Steven Adams,2017-18,OKC,22471910.0,22.69,star,0,24.0,76,32.7,0.109,0.63,0.16,5.9,0.629,10.61935664933491,12.070643350665092,12.070643350665092
Mike Conley,2016-17,MEM,26540100.0,28.19,max,0,29.0,69,33.2,0.16,0.604,0.256,6.7,0.46,16.14360058385789,12.046399416142112,12.046399416142112
Joel Embiid,2017-18,PHI,6100266.0,6.16,bench,1,24.0,63,30.4,0.177,0.573,0.33,8.1,0.483,18.205469036515442,-12.045469036515442,12.045469036515442
Klay Thompson,2021-22,GSW,37980720.0,33.79,max,0,32.0,32,29.4,0.114,0.547,0.284,7.7,0.429,21.797279089447144,11.992720910552855,11.992720910552855
Jalen Suggs,2025-26,ORL,35000000.0,22.63,star,0,25.0,57,27.6,0.11,0.561,0.22,4.9,0.435,10.653467447036506,11.976532552963493,11.976532552963493
Damian Lillard,2021-22,POR,39344900.0,35.0,max,0,31.0,29,36.4,0.126,0.55,0.288,7.7,0.402,23.052168849459306,11.947831150540694,11.947831150540694
Gary Harris,2021-22,ORL,20482143.0,18.22,star,0,27.0,61,28.4,0.066,0.571,0.16,3.9,0.434,6.298550471394082,11.921449528605917,11.921449528605917
Kyle Lowry,2017-18,TOR,28703704.0,28.98,max,0,32.0,78,32.2,0.136,0.598,0.211,5.2,0.427,17.082862700965755,11.897137299034245,11.897137299034245
Michael Porter,2022-23,DEN,30913750.0,25.0,star,0,25.0,62,29.0,0.103,0.621,0.22,6.4,0.487,13.10468060276411,11.89531939723589,11.89531939723589
Damian Lillard,2023-24,MIL,45640084.0,33.55,max,0,33.0,73,35.3,0.132,0.59,0.274,7.4,0.424,21.661266529625568,11.88873347037443,11.88873347037443
Kelly Oubre,2023-24,PHI,2019706.0,1.48,bench,1,28.0,68,30.2,0.081,0.535,0.22,5.7,0.441,13.332172008712144,-11.852172008712143,11.852172008712143
Mike Conley,2018-19,MEM,30521116.0,29.96,max,0,31.0,70,33.5,0.151,0.569,0.262,7.0,0.438,18.112655254879314,11.847344745120687,11.847344745120687
Stephen Curry,2017-18,GSW,34682550.0,35.02,max,0,30.0,51,32.0,0.165,0.675,0.29,8.4,0.495,23.183312959838535,11.836687040161468,11.836687040161468
Allen Crabbe,2017-18,BRK,19332500.0,19.52,star,0,26.0,75,29.3,0.084,0.558,0.183,4.5,0.407,7.687844265091274,11.832155734908724,11.832155734908724
Miles Bridges,2023-24,CHO,7921300.0,5.82,bench,1,26.0,69,37.4,0.111,0.556,0.242,8.1,0.462,17.601406395381215,-11.781406395381214,11.781406395381214
Jaren Jackson,2022-23,MEM,28946605.0,23.41,star,0,23.0,63,28.4,0.125,0.613,0.243,6.6,0.506,11.646657346882469,11.763342653117531,11.763342653117531
Tobias Harris,2019-20,PHI,32742000.0,30.0,max,0,27.0,72,34.3,0.126,0.556,0.236,7.7,0.471,18.244549857439104,11.755450142560896,11.755450142560896
Jalen Williams,2025-26,OKC,6580997.0,4.26,bench,0,25.0,33,28.4,0.135,0.56,0.252,6.5,0.484,16.006778710486593,-11.746778710486593,11.746778710486593
Pascal Siakam,2018-19,TOR,1544951.0,1.52,bench,1,25.0,80,31.8,0.124,0.628,0.205,6.5,0.549,13.211382470093696,-11.691382470093696,11.691382470093696
Brook Lopez,2017-18,LAL,22642350.0,22.86,star,0,30.0,74,23.4,0.092,0.557,0.23,5.0,0.465,11.187718022943393,11.672281977056606,11.672281977056606
Kemba Walker,2019-20,BOS,32742000.0,30.0,max,0,30.0,56,31.1,0.13,0.575,0.268,6.8,0.425,18.335133397260392,11.664866602739608,11.664866602739608
Steven Adams,2018-19,OKC,24157304.0,23.71,star,0,25.0,80,33.4,0.103,0.591,0.16,6.0,0.595,12.064521761488114,11.645478238511886,11.645478238511886
Nikola Jokic,2016-17,DEN,1358500.0,1.44,bench,0,22.0,73,27.9,0.167,0.64,0.231,6.8,0.578,13.075012002816383,-11.635012002816383,11.635012002816383
Darius Garland,2023-24,CLE,34005250.0,25.0,star,0,24.0,57,33.3,0.104,0.56,0.249,6.6,0.446,13.389631423254984,11.610368576745016,11.610368576745016
Zion Williamson,2025-26,NOP,39446090.0,25.51,max,0,25.0,62,29.7,0.141,0.644,0.25,7.8,0.6,13.95748604788437,11.552513952115632,11.552513952115632
Al Horford,2024-25,BOS,9500000.0,6.76,bench,0,39.0,60,27.6,0.091,0.563,0.136,3.3,0.423,18.29749833959188,-11.53749833959188,11.53749833959188
Rajon Rondo,2019-20,LAL,2564753.0,2.35,bench,1,34.0,48,20.5,0.104,0.494,0.184,2.9,0.418,13.874281709798433,-11.524281709798434,11.524281709798434
Trae Young,2023-24,ATL,40064220.0,29.45,max,0,25.0,54,36.0,0.131,0.585,0.289,8.0,0.43,17.926656521678296,11.523343478321703,11.523343478321703
OG Anunoby,2025-26,NYK,39568966.0,25.59,max,0,28.0,67,33.2,0.099,0.62,0.194,5.8,0.484,14.079798997997157,11.510201002002843,11.510201002002843
Derrick Rose,2019-20,DET,7317073.0,6.7,bench,0,31.0,50,26.0,0.14,0.555,0.303,7.4,0.49,18.17816234797963,-11.47816234797963,11.47816234797963
Kevin Love,2022-23,TOT,30556968.0,24.71,star,0,34.0,62,20.0,0.115,0.548,0.185,2.7,0.389,13.239615284488739,11.470384715511262,11.470384715511262
Shai Gilgeous-Alexander,2021-22,OKC,5495532.0,4.89,bench,1,23.0,56,34.7,0.134,0.557,0.298,8.5,0.453,16.248056511035443,-11.358056511035443,11.358056511035443
Malcolm Brogdon,2018-19,MIL,1544951.0,1.52,bench,1,26.0,64,28.6,0.12,0.614,0.202,5.9,0.505,12.866658919561578,-11.346658919561579,11.346658919561579
Kevin Love,2025-26,UTA,4150000.0,2.68,bench,0,37.0,37,16.6,0.103,0.568,0.161,2.1,0.397,13.98118321813093,-11.30118321813093,11.30118321813093
Tim Hardaway Jr.,2025-26,DEN,2296274.0,1.48,bench,0,34.0,80,26.6,0.085,0.624,0.177,4.4,0.447,12.752408064325875,-11.272408064325875,11.272408064325875
Al Horford,2017-18,BOS,27734405.0,28.01,max,0,32.0,72,31.6,0.134,0.575,0.183,5.1,0.489,16.74713500578123,11.26286499421877,11.26286499421877
Dwight Howard,2020-21,PHI,1620564.0,1.48,bench,1,35.0,69,17.3,0.13,0.61,0.173,2.6,0.587,12.714788307760564,-11.234788307760564,11.234788307760564
OG Anunoby,2024-25,NYK,36637932.0,26.06,max,0,27.0,74,36.6,0.093,0.591,0.195,6.6,0.476,14.829958576098564,11.230041423901435,11.230041423901435
Kevin Love,2023-24,MIA,3835738.0,2.82,bench,0,35.0,55,16.8,0.144,0.597,0.21,2.9,0.44,14.03865034032009,-11.21865034032009,11.21865034032009
Tyrese Haliburton,2023-24,IND,5808435.0,4.27,bench,1,24.0,69,32.2,0.157,0.605,0.239,7.2,0.477,15.448554685085655,-11.178554685085656,11.178554685085656
Stephen Curry,2020-21,GSW,43006362.0,39.4,max,0,33.0,63,34.2,0.181,0.655,0.331,10.4,0.482,28.247810677788074,11.152189322211925,11.152189322211925
Trae Young,2021-22,ATL,8326471.0,7.41,bench,1,23.0,76,34.9,0.161,0.603,0.333,9.4,0.46,18.561670017066373,-11.151670017066373,11.151670017066373
Cade Cunningham,2024-25,DET,13940809.0,9.92,starter,1,23.0,70,35.0,0.152,0.565,0.323,9.8,0.469,21.067710301152275,-11.147710301152275,11.147710301152275
Buddy Hield,2018-19,SAC,3833760.0,3.76,bench,1,26.0,82,31.9,0.11,0.587,0.243,7.6,0.458,14.896113536506167,-11.136113536506167,11.136113536506167
Andre Drummond,2016-17,DET,22116750.0,23.49,star,0,23.0,81,29.7,0.136,0.518,0.222,6.0,0.53,12.366167283598166,11.123832716401832,11.123832716401832
Michael Porter,2020-21,DEN,3550800.0,3.25,bench,1,23.0,61,31.3,0.125,0.663,0.214,7.3,0.542,14.36781595539651,-11.11781595539651,11.11781595539651
Klay Thompson,2022-23,GSW,40600080.0,32.83,max,0,33.0,69,33.0,0.1,0.576,0.256,7.9,0.436,21.7186030530675,11.111396946932498,11.111396946932498
Kyle Kuzma,2018-19,LAL,1689840.0,1.66,bench,0,23.0,70,33.1,0.096,0.546,0.233,7.1,0.456,12.7346296772618,-11.0746296772618,11.0746296772618
Paul George,2025-26,PHI,51666090.0,33.41,max,0,36.0,37,30.7,0.117,0.57,0.229,6.1,0.439,22.339526351482938,11.070473648517059,11.070473648517059
Eric Gordon,2023-24,PHO,3196448.0,2.35,bench,0,35.0,68,27.8,0.07,0.58,0.162,4.0,0.443,13.387323596164471,-11.037323596164471,11.037323596164471
Damian Lillard,2024-25,MIL,48787676.0,34.7,max,0,34.0,58,36.1,0.144,0.621,0.269,7.7,0.448,23.676619924868596,11.023380075131406,11.023380075131406
Devonte' Graham,2019-20,CHO,1416852.0,1.3,bench,0,25.0,63,35.1,0.109,0.537,0.243,5.8,0.382,12.292596143605362,-10.992596143605361,10.992596143605361
Ivica Zubac,2024-25,LAC,11743210.0,8.35,starter,1,28.0,80,32.8,0.157,0.641,0.192,7.4,0.628,19.336193891926893,-10.986193891926893,10.986193891926893
Trey Murphy,2024-25,NOP,5159854.0,3.67,bench,0,25.0,53,35.0,0.11,0.598,0.229,7.2,0.454,14.654547119571513,-10.984547119571513,10.984547119571513
Kyle Lowry,2024-25,PHI,2087519.0,1.48,bench,0,39.0,35,18.8,0.067,0.525,0.1,1.2,0.35,12.456712830576324,-10.976712830576323,10.976712830576323
Nic Claxton,2024-25,BRK,27556817.0,19.6,star,0,26.0,70,26.9,0.115,0.569,0.166,4.6,0.563,8.63028459225842,10.969715407741582,10.969715407741582
Jimmy Butler,2021-22,MIA,36016200.0,32.04,max,0,32.0,57,33.9,0.164,0.592,0.26,7.0,0.48,21.110615031304242,10.929384968695757,10.929384968695757
Greg Monroe,2017-18,TOT,21384175.0,21.59,star,0,28.0,51,20.4,0.153,0.598,0.218,4.3,0.565,10.679062764150412,10.910937235849588,10.910937235849588
Nicolas Batum,2017-18,CHO,22434783.0,22.65,star,0,29.0,64,31.0,0.104,0.523,0.178,4.2,0.415,11.740327095514264,10.909672904485735,10.909672904485735
LaMelo Ball,2022-23,CHO,8623920.0,6.97,bench,1,21.0,36,35.2,0.122,0.541,0.289,8.2,0.411,17.876688912760144,-10.906688912760146,10.906688912760146
John Collins,2018-19,ATL,2299080.0,2.26,bench,0,21.0,61,30.0,0.136,0.627,0.23,7.6,0.56,13.158018042137456,-10.898018042137457,10.898018042137457
Lou Williams,2017-18,LAC,7000000.0,7.07,bench,0,31.0,79,32.8,0.127,0.574,0.285,7.4,0.435,17.913828230642864,-10.843828230642863,10.843828230642863
Jalen Brunson,2021-22,DAL,1802057.0,1.6,bench,1,25.0,79,31.9,0.122,0.583,0.215,6.4,0.502,12.433554877925438,-10.833554877925438,10.833554877925438
Vince Carter,2019-20,ATL,2564753.0,2.35,bench,0,43.0,60,14.6,0.05,0.47,0.163,1.8,0.352,13.16781212348049,-10.81781212348049,10.81781212348049
T.J. Warren,2017-18,PHO,3152931.0,3.18,bench,1,24.0,65,33.0,0.107,0.541,0.243,8.1,0.498,13.953775939576419,-10.773775939576419,10.773775939576419
Jayson Tatum,2020-21,BOS,9897120.0,9.07,starter,1,23.0,64,35.8,0.152,0.576,0.298,9.5,0.459,19.84372820976921,-10.77372820976921,10.77372820976921
Jalen Johnson,2023-24,ATL,2925360.0,2.15,bench,1,22.0,56,33.7,0.117,0.584,0.184,6.4,0.511,12.901937989389822,-10.751937989389821,10.751937989389821
Tyrese Maxey,2022-23,PHI,2726880.0,2.21,bench,1,22.0,60,33.6,0.109,0.605,0.236,7.3,0.481,12.960421028356116,-10.750421028356115,10.750421028356115
Paul George,2023-24,LAC,45640084.0,33.55,max,0,34.0,74,33.8,0.126,0.613,0.264,7.9,0.471,22.80909966612433,10.740900333875668,10.740900333875668
Zach LaVine,2022-23,CHI,37096500.0,30.0,max,0,28.0,77,35.9,0.126,0.607,0.278,8.7,0.485,19.274010802262335,10.725989197737665,10.725989197737665
Keldon Johnson,2022-23,SAS,3873025.0,3.13,bench,1,23.0,63,32.8,0.103,0.551,0.273,8.0,0.452,13.852783189087312,-10.722783189087313,10.722783189087313
Al Horford,2016-17,BOS,26540100.0,28.19,max,0,31.0,68,32.3,0.125,0.553,0.196,5.6,0.473,17.47000474544077,10.71999525455923,10.71999525455923
Bobby Portis,2021-22,MIL,4347600.0,3.87,bench,1,27.0,72,28.2,0.117,0.571,0.207,5.8,0.479,14.58244974684122,-10.71244974684122,10.71244974684122
Harrison Barnes,2019-20,SAC,24147727.0,22.13,star,0,28.0,72,34.5,0.09,0.574,0.172,5.1,0.46,11.430875214989697,10.699124785010302,10.699124785010302
Tyler Herro,2021-22,MIA,4004280.0,3.56,bench,1,22.0,66,32.6,0.129,0.561,0.278,7.6,0.447,14.256152086439457,-10.696152086439456,10.696152086439456
Desmond Bane,2021-22,MEM,2033160.0,1.81,bench,0,24.0,76,29.8,0.116,0.592,0.226,6.7,0.461,12.488665280548695,-10.678665280548694,10.678665280548694
Trae Young,2019-20,ATL,6273000.0,5.75,bench,0,21.0,60,35.3,0.16,0.595,0.339,9.1,0.437,16.412818798929095,-10.662818798929095,10.662818798929095
Cam Thomas,2023-24,BRK,2240160.0,1.65,bench,1,22.0,66,31.4,0.105,0.554,0.296,8.0,0.442,12.30812504561982,-10.658125045619819,10.658125045619819
Russell Westbrook,2020-21,WAS,41358814.0,37.9,max,0,32.0,65,36.4,0.164,0.509,0.295,8.4,0.439,27.260052450158266,10.639947549841732,10.639947549841732
Khris Middleton,2020-21,MIL,33051724.0,30.28,max,0,29.0,68,33.4,0.123,0.588,0.245,7.5,0.476,19.654542203278346,10.625457796721655,10.625457796721655
Stephen Curry,2025-26,GSW,59606817.0,38.54,max,0,38.0,43,30.9,0.146,0.637,0.308,8.7,0.468,27.922656817651788,10.617343182348211,10.617343182348211
Jayson Tatum,2025-26,BOS,54126450.0,35.0,max,0,28.0,16,32.6,0.159,0.541,0.29,7.4,0.411,24.396898647722573,10.603101352277427,10.603101352277427
Payton Pritchard,2025-26,BOS,7232143.0,4.68,bench,0,28.0,79,32.3,0.12,0.584,0.21,6.4,0.464,15.2827208974323,-10.6027208974323,10.6027208974323
Zach LaVine,2023-24,CHI,40064220.0,29.45,max,0,29.0,25,34.9,0.11,0.578,0.238,6.8,0.452,18.849193816787988,10.600806183212011,10.600806183212011
Allen Crabbe,2018-19,BRK,18500000.0,18.16,star,0,27.0,43,26.4,0.055,0.519,0.159,3.2,0.367,7.56037715899323,10.59962284100677,10.59962284100677
Al Horford,2018-19,BOS,28928710.0,28.4,max,0,33.0,68,29.0,0.134,0.605,0.188,5.7,0.535,17.83482555333526,10.565174446664738,10.565174446664738
Tobias Harris,2023-24,PHI,39270150.0,28.87,max,0,31.0,70,33.8,0.116,0.576,0.203,6.6,0.487,18.383408080164685,10.486591919835316,10.486591919835316
Paul George,2019-20,LAC,33005556.0,30.24,max,0,30.0,48,29.6,0.147,0.589,0.292,7.1,0.439,19.75484545568686,10.48515454431314,10.48515454431314
Jarrett Jack,2017-18,NYK,1471382.0,1.49,bench,0,34.0,62,25.0,0.089,0.489,0.164,3.0,0.427,11.962466697864885,-10.472466697864885,10.472466697864885
Hassan Whiteside,2018-19,MIA,25434263.0,24.97,star,0,30.0,72,23.3,0.162,0.564,0.215,5.4,0.571,14.502991671196417,10.467008328803582,10.467008328803582
Vince Carter,2018-19,ATL,2393887.0,2.35,bench,0,42.0,76,17.5,0.079,0.565,0.164,2.6,0.419,12.814973357227903,-10.464973357227903,10.464973357227903
Gordon Hayward,2019-20,BOS,32700690.0,29.96,max,0,30.0,52,33.5,0.132,0.595,0.206,6.7,0.5,19.50335902354788,10.456640976452121,10.456640976452121
Lou Williams,2019-20,LAC,8000000.0,7.33,bench,0,33.0,65,28.7,0.124,0.546,0.271,6.0,0.418,17.784975998490463,-10.454975998490463,10.454975998490463
Collin Sexton,2020-21,CLE,4991880.0,4.57,bench,1,22.0,60,35.3,0.115,0.573,0.286,8.8,0.475,15.010522400465158,-10.440522400465158,10.440522400465158
De'Aaron Fox,2020-21,SAC,8099627.0,7.42,bench,1,23.0,58,35.1,0.124,0.565,0.304,9.1,0.477,17.858960160548207,-10.438960160548207,10.438960160548207
DeMarcus Cousins,2021-22,TOT,1745944.0,1.55,bench,0,31.0,48,14.9,0.117,0.567,0.267,3.1,0.46,11.988931209275359,-10.438931209275358,10.438931209275358
Karl-Anthony Towns,2018-19,MIN,7839435.0,7.7,bench,1,23.0,77,33.0,0.177,0.622,0.28,8.8,0.518,18.13803681121876,-10.438036811218762,10.438036811218762
Clint Capela,2017-18,HOU,2334520.0,2.36,bench,1,24.0,74,27.5,0.155,0.65,0.19,6.0,0.652,12.797968100562807,-10.437968100562808,10.437968100562808
Gorgui Dieng,2018-19,MIN,15170787.0,14.89,starter,0,29.0,76,13.6,0.118,0.572,0.194,2.5,0.501,4.468377413491135,10.421622586508866,10.421622586508866
Michael Porter,2023-24,DEN,33386850.0,24.55,star,0,26.0,81,31.7,0.106,0.601,0.202,6.4,0.484,14.131542710521867,10.418457289478134,10.418457289478134
Darius Garland,2024-25,CLE,36725670.0,26.12,max,0,25.0,75,30.7,0.126,0.6,0.265,7.4,0.472,15.71342055147366,10.40657944852634,10.40657944852634
Jimmy Butler,2020-21,MIA,34379100.0,31.5,max,0,31.0,52,33.6,0.184,0.607,0.259,7.0,0.497,21.152173979803248,10.347826020196752,10.347826020196752
Karl-Anthony Towns,2024-25,NYK,49205800.0,35.0,max,0,29.0,72,35.0,0.161,0.63,0.265,8.9,0.526,24.652374671470582,10.347625328529418,10.347625328529418
Montrezl Harrell,2019-20,LAC,6000000.0,5.5,bench,1,26.0,63,27.8,0.145,0.607,0.245,7.5,0.58,15.838939887766264,-10.338939887766264,10.338939887766264
Tristan Thompson,2017-18,CLE,16400000.0,16.56,star,0,27.0,53,20.2,0.085,0.569,0.121,2.5,0.562,6.2361843959825025,10.323815604017497,10.323815604017497
JaVale McGee,2018-19,LAL,2393887.0,2.35,bench,1,31.0,75,22.3,0.127,0.634,0.197,5.3,0.624,12.66367572989759,-10.313675729897591,10.313675729897591
Rudy Gobert,2017-18,UTA,21974719.0,22.19,star,0,26.0,56,32.4,0.147,0.657,0.163,4.9,0.622,11.886683086467603,10.303316913532399,10.303316913532399
Jalen Williams,2023-24,OKC,4558680.0,3.35,bench,0,23.0,71,31.3,0.123,0.621,0.232,7.5,0.54,13.646130150449732,-10.296130150449732,10.296130150449732
Dion Waiters,2016-17,MIA,2898000.0,3.08,bench,1,25.0,46,30.1,0.1,0.507,0.26,6.1,0.424,13.365356332438543,-10.285356332438543,10.285356332438543
Jeff Green,2020-21,BRK,2564753.0,2.35,bench,1,34.0,68,27.0,0.083,0.624,0.154,3.8,0.492,12.63518039116628,-10.28518039116628,10.28518039116628
Hassan Whiteside,2020-21,SAC,1620564.0,1.48,bench,1,32.0,36,15.2,0.123,0.566,0.227,3.5,0.563,11.76510015080372,-10.28510015080372,10.28510015080372
Scottie Barnes,2025-26,TOR,38661750.0,25.0,star,0,24.0,80,33.5,0.139,0.577,0.226,7.1,0.507,14.727254734918063,10.272745265081937,10.272745265081937
Kristaps Porzingis,2017-18,NYK,4503600.0,4.55,bench,0,22.0,48,32.4,0.125,0.539,0.305,8.1,0.439,14.817621488069511,-10.267621488069512,10.267621488069512
LaMelo Ball,2023-24,CHO,10900635.0,8.01,starter,1,22.0,22,32.3,0.133,0.561,0.315,8.3,0.433,18.247697396307025,-10.237697396307025,10.237697396307025
Ja Morant,2022-23,MEM,12119440.0,9.8,starter,1,23.0,61,31.9,0.175,0.557,0.338,9.3,0.466,19.984324922878734,-10.184324922878734,10.184324922878734
Bismack Biyombo,2019-20,CHO,17000000.0,15.58,star,0,27.0,53,19.4,0.097,0.57,0.168,2.8,0.543,5.399536498861398,10.180463501138602,10.180463501138602
Jordan Poole,2023-24,WAS,27455357.0,20.18,star,0,25.0,78,30.1,0.076,0.529,0.256,6.3,0.413,10.015437793328521,10.164562206671478,10.164562206671478
Patrick Williams,2025-26,CHI,18000000.0,11.64,starter,0,24.0,72,20.5,0.057,0.494,0.159,2.5,0.372,1.4755755900922074,10.164424409907793,10.164424409907793
Nikola Vučević,2023-24,CHI,18518519.0,13.61,starter,0,33.0,76,34.3,0.126,0.54,0.233,7.7,0.484,23.740205677133154,-10.130205677133155,10.130205677133155
Michael Kidd-Gilchrist,2018-19,CHO,13000000.0,12.76,starter,0,25.0,64,18.4,0.075,0.553,0.153,2.5,0.476,2.6377273722667556,10.122272627733244,10.122272627733244
David West,2017-18,GSW,1471382.0,1.49,bench,0,37.0,73,13.7,0.145,0.6,0.223,3.0,0.571,11.589766872107162,-10.099766872107162,10.099766872107162
Bam Adebayo,2020-21,MIA,5115492.0,4.69,bench,1,23.0,64,33.5,0.161,0.626,0.233,7.1,0.57,14.788485134670795,-10.098485134670796,10.098485134670796
Tyler Herro,2022-23,MIA,5722116.0,4.63,bench,1,23.0,67,34.9,0.119,0.566,0.25,7.3,0.439,14.674731813587934,-10.044731813587934,10.044731813587934
Paul George,2022-23,LAC,42492492.0,34.36,max,0,33.0,56,34.6,0.135,0.588,0.294,8.2,0.457,24.343846302772395,10.016153697227605,10.016153697227605
Aron Baynes,2019-20,PHO,5453280.0,5.0,bench,1,33.0,42,22.2,0.094,0.581,0.205,4.4,0.48,14.988675698675078,-9.988675698675078,9.988675698675078
Devin Vassell,2024-25,SAS,29347826.0,20.88,star,0,24.0,64,31.0,0.092,0.553,0.217,6.2,0.443,10.913120064174993,9.966879935825006,9.966879935825006
Kawhi Leonard,2022-23,LAC,42492492.0,34.36,max,0,32.0,52,33.6,0.159,0.623,0.267,8.6,0.512,24.41509276628008,9.94490723371992,9.94490723371992
Rudy Gobert,2020-21,UTA,27525281.0,25.22,max,1,29.0,71,30.8,0.165,0.683,0.166,5.5,0.675,15.279538848739366,9.940461151260633,9.940461151260633
LaMelo Ball,2025-26,CHO,37958760.0,24.55,star,0,24.0,72,28.0,0.134,0.546,0.306,7.0,0.407,14.61923575534042,9.930764244659581,9.930764244659581
Miles Bridges,2021-22,CHO,5421493.0,4.82,bench,1,24.0,80,35.5,0.12,0.593,0.224,7.5,0.491,14.737299878381355,-9.917299878381355,9.917299878381355
Kevin Porter,2022-23,HOU,3217631.0,2.6,bench,1,23.0,59,34.3,0.112,0.565,0.239,6.6,0.442,12.514332372209392,-9.914332372209392,9.914332372209392
Nikola Vučević,2018-19,ORL,12750000.0,12.52,starter,1,28.0,80,31.4,0.185,0.573,0.276,8.8,0.518,22.427853112305247,-9.907853112305247,9.907853112305247
DeMarcus Cousins,2020-21,TOT,2075655.0,1.9,bench,0,30.0,41,17.4,0.13,0.537,0.239,3.2,0.426,11.801479834794616,-9.901479834794616,9.901479834794616
Buddy Hield,2019-20,SAC,4861208.0,4.45,bench,1,27.0,72,30.8,0.104,0.566,0.263,6.9,0.429,14.35095633737168,-9.900956337371682,9.900956337371682
Victor Wembanyama,2025-26,SAS,13376880.0,8.65,starter,0,22.0,64,29.2,0.209,0.626,0.316,8.6,0.512,18.535687306794493,-9.885687306794493,9.885687306794493
Paolo Banchero,2024-25,ORL,12160800.0,8.65,starter,1,22.0,46,34.4,0.157,0.551,0.33,9.0,0.452,18.519693444506238,-9.869693444506238,9.869693444506238
Blake Griffin,2018-19,DET,32088932.0,31.5,max,0,30.0,75,35.0,0.153,0.581,0.296,8.3,0.462,21.635376539716837,9.864623460283163,9.864623460283163
Cade Cunningham,2025-26,DET,46394100.0,30.0,max,0,24.0,64,33.9,0.159,0.564,0.296,8.6,0.461,20.155611632849073,9.844388367150927,9.844388367150927
Immanuel Quickley,2024-25,TOR,32500000.0,23.12,star,0,26.0,33,27.8,0.128,0.57,0.246,5.6,0.42,13.284394344879278,9.835605655120723,9.835605655120723
Victor Wembanyama,2024-25,SAS,12768960.0,9.08,starter,0,21.0,46,33.2,0.168,0.594,0.3,8.9,0.476,18.891839871202915,-9.811839871202915,9.811839871202915
Joel Embiid,2025-26,PHI,55224526.0,35.71,max,0,32.0,38,31.6,0.163,0.605,0.336,9.0,0.489,25.899162290345508,9.810837709654493,9.810837709654493
J.J. Barea,2017-18,DAL,3903900.0,3.94,bench,0,34.0,69,23.2,0.133,0.545,0.243,4.4,0.439,13.743718384639768,-9.803718384639769,9.803718384639769
Jalen Duren,2025-26,DET,6483144.0,4.19,bench,0,22.0,70,28.2,0.177,0.688,0.231,7.5,0.65,13.992599748776435,-9.802599748776434,9.802599748776434
Aaron Gordon,2018-19,ORL,21590909.0,21.19,star,0,23.0,78,33.8,0.109,0.538,0.213,6.0,0.449,11.38752038063785,9.80247961936215,9.80247961936215
Evan Turner,2017-18,POR,17131148.0,17.3,star,0,29.0,79,25.7,0.071,0.52,0.153,3.3,0.447,7.4978476890869805,9.80215231091302,9.80215231091302
Austin Reaves,2025-26,LAL,13937574.0,9.01,starter,0,28.0,51,34.5,0.137,0.641,0.258,7.3,0.49,18.80746142285906,-9.79746142285906,9.79746142285906
Andrew Wiggins,2022-23,GSW,33616770.0,27.19,max,0,28.0,37,32.2,0.088,0.564,0.212,6.8,0.473,17.409309863077443,9.780690136922559,9.780690136922559
Harrison Barnes,2017-18,DAL,23112004.0,23.34,star,0,26.0,77,34.2,0.114,0.539,0.247,7.0,0.445,13.569501198569208,9.770498801430792,9.770498801430792
Kristaps Porziņģis,2022-23,WAS,33833400.0,27.36,max,0,27.0,65,32.6,0.145,0.627,0.272,7.8,0.498,17.622997043828814,9.737002956171185,9.737002956171185
Keyonte George,2025-26,UTA,4278960.0,2.77,bench,0,22.0,54,33.1,0.122,0.609,0.275,7.4,0.456,12.489842370671136,-9.719842370671136,9.719842370671136
Jaime Jaquez Jr.,2025-26,MIA,3861600.0,2.5,bench,0,25.0,75,28.3,0.113,0.57,0.216,6.2,0.507,12.194729414327627,-9.694729414327627,9.694729414327627
Al Horford,2023-24,BOS,10000000.0,7.35,bench,0,38.0,65,26.8,0.105,0.65,0.119,3.3,0.511,17.034383918911594,-9.684383918911594,9.684383918911594
Gorgui Dieng,2020-21,TOT,17587688.0,16.11,star,0,31.0,38,14.5,0.12,0.67,0.169,2.2,0.521,6.46501594888828,9.64498405111172,9.64498405111172
DeAndre Jordan,2016-17,LAC,21165675.0,22.48,star,0,28.0,81,31.7,0.15,0.673,0.152,5.1,0.714,12.83718523178459,9.64281476821541,9.64281476821541
Harrison Barnes,2016-17,DAL,22116750.0,23.49,star,0,25.0,79,35.5,0.112,0.541,0.252,7.6,0.468,13.8494110420232,9.640588957976798,9.640588957976798
Zach LaVine,2016-17,MIN,2240880.0,2.38,bench,1,22.0,47,37.2,0.095,0.576,0.215,6.9,0.459,12.009317930501505,-9.629317930501504,9.629317930501504
Kendrick Nunn,2019-20,MIA,1416852.0,1.3,bench,0,24.0,67,29.3,0.086,0.534,0.236,6.0,0.439,10.898006476306273,-9.598006476306272,9.598006476306272
Michael Porter,2024-25,DEN,35859950.0,25.51,max,0,27.0,77,33.7,0.101,0.617,0.197,6.9,0.504,15.93697458225816,9.573025417741842,9.573025417741842
Kentavious Caldwell-Pope,2017-18,LAL,17745894.0,17.92,star,0,25.0,74,33.2,0.092,0.561,0.165,4.6,0.426,8.359013989381765,9.560986010618237,9.560986010618237
Kyle Lowry,2019-20,TOR,33296296.0,30.51,max,0,34.0,58,36.2,0.125,0.59,0.225,5.8,0.416,20.95702269765108,9.552977302348921,9.552977302348921
Dwight Howard,2016-17,ATL,23180275.0,24.62,star,0,31.0,74,29.7,0.151,0.627,0.19,5.2,0.633,15.072974699685933,9.547025300314068,9.547025300314068
Timofey Mozgov,2016-17,LAL,16000000.0,17.0,star,0,30.0,54,20.4,0.072,0.553,0.168,3.1,0.515,7.4534754076916405,9.546524592308359,9.546524592308359
Kendrick Nunn,2020-21,MIA,1663861.0,1.52,bench,1,25.0,56,29.5,0.095,0.596,0.205,5.7,0.485,11.062681926081902,-9.542681926081903,9.542681926081903
Michael Beasley,2017-18,NYK,1471382.0,1.49,bench,1,29.0,74,22.3,0.122,0.556,0.261,5.5,0.507,11.029333672949564,-9.539333672949564,9.539333672949564
Jamal Murray,2019-20,DEN,4444746.0,4.07,bench,1,23.0,59,32.3,0.121,0.559,0.248,6.9,0.456,13.597711971622761,-9.527711971622761,9.527711971622761
Jrue Holiday,2023-24,BOS,36861707.0,27.1,max,0,34.0,69,32.8,0.099,0.597,0.161,4.8,0.48,17.57865942597044,9.521340574029562,9.521340574029562
J.J. Barea,2016-17,DAL,4096950.0,4.35,bench,0,33.0,35,22.0,0.134,0.521,0.254,4.1,0.414,13.851698372921632,-9.501698372921632,9.501698372921632
Ian Mahinmi,2016-17,WAS,15944154.0,16.94,star,0,30.0,31,17.9,0.082,0.601,0.138,2.1,0.586,7.4448908851732085,9.495109114826793,9.495109114826793
Kristaps Porziņģis,2023-24,BOS,36016200.0,26.48,max,0,28.0,57,29.6,0.138,0.647,0.247,6.8,0.516,16.98729756781982,9.492702432180181,9.492702432180181
Zion Williamson,2022-23,NOP,13534817.0,10.95,starter,1,22.0,29,33.0,0.171,0.652,0.288,9.8,0.608,20.402171121769914,-9.452171121769915,9.452171121769915
Pascal Siakam,2024-25,IND,42176400.0,30.0,max,0,31.0,78,32.7,0.13,0.599,0.237,7.9,0.519,20.55308879112924,9.446911208870759,9.446911208870759
Kyle Lowry,2023-24,TOT,32478379.0,23.88,star,0,38.0,60,28.2,0.077,0.594,0.128,2.7,0.432,14.440020405242429,9.43997959475757,9.43997959475757
Ryan Anderson,2017-18,HOU,19578455.0,19.77,star,0,30.0,66,26.1,0.077,0.592,0.141,3.1,0.431,10.330590710557619,9.43940928944238,9.43940928944238
Dirk Nowitzki,2018-19,DAL,5000000.0,4.91,bench,0,41.0,51,15.6,0.073,0.469,0.217,2.6,0.359,14.334547719019861,-9.424547719019861,9.424547719019861
David Lee,2016-17,SAS,1551659.0,1.65,bench,0,34.0,79,18.7,0.126,0.613,0.161,3.1,0.59,11.04463264779366,-9.39463264779366,9.39463264779366
Vince Carter,2016-17,MEM,4264057.0,4.53,bench,1,40.0,73,24.7,0.078,0.542,0.147,2.6,0.394,13.881207175218808,-9.351207175218807,9.351207175218807
Reggie Jackson,2020-21,LAC,1620564.0,1.48,bench,1,31.0,67,23.0,0.091,0.576,0.195,3.9,0.45,10.823303365071848,-9.343303365071847,9.343303365071847
Karl-Anthony Towns,2017-18,MIN,6216840.0,6.28,bench,1,22.0,82,35.6,0.165,0.646,0.225,7.8,0.545,15.62202654730879,-9.342026547308791,9.342026547308791
Jason Terry,2017-18,MIL,1471382.0,1.49,bench,0,40.0,51,16.0,0.047,0.525,0.097,1.2,0.383,10.799917928877349,-9.309917928877349,9.309917928877349
Andre Drummond,2017-18,DET,23775506.0,24.01,star,0,24.0,78,33.7,0.156,0.555,0.207,6.0,0.529,14.708440947632699,9.301559052367303,9.301559052367303
Gorgui Dieng,2017-18,MIN,14112360.0,14.25,starter,0,28.0,79,16.9,0.093,0.543,0.159,2.4,0.479,4.951626597354992,9.298373402645009,9.298373402645009
Franz Wagner,2025-26,ORL,38661750.0,25.0,star,0,24.0,34,30.0,0.134,0.588,0.256,7.2,0.481,15.719601945845405,9.280398054154595,9.280398054154595
Bam Adebayo,2019-20,MIA,3454080.0,3.16,bench,1,22.0,72,33.6,0.147,0.598,0.212,6.1,0.557,12.42952936161454,-9.26952936161454,9.26952936161454
Scottie Barnes,2023-24,TOR,8008680.0,5.89,bench,1,22.0,60,34.9,0.132,0.566,0.24,7.5,0.475,15.13978449720606,-9.249784497206061,9.249784497206061
DeMar DeRozan,2017-18,TOR,27739975.0,28.01,max,0,28.0,80,33.9,0.135,0.555,0.286,8.1,0.456,18.76080734988756,9.249192650112441,9.249192650112441
Taurean Prince,2025-26,MIL,3303774.0,2.14,bench,0,32.0,26,23.5,0.073,0.617,0.157,3.3,0.45,11.389158761672718,-9.249158761672717,9.249158761672717
Michael Kidd-Gilchrist,2016-17,CHO,13000000.0,13.81,starter,0,23.0,81,29.0,0.093,0.528,0.144,3.6,0.477,4.562236604572992,9.247763395427008,9.247763395427008
Jayson Tatum,2019-20,BOS,7830000.0,7.17,bench,1,22.0,66,34.3,0.143,0.567,0.28,8.4,0.45,16.41356168006401,-9.24356168006401,9.24356168006401
Giannis Antetokounmpo,2021-22,MIL,39344970.0,35.0,max,0,27.0,67,32.9,0.21,0.633,0.34,10.3,0.553,25.760060157936422,9.239939842063578,9.239939842063578
John Collins,2022-23,ATL,23500000.0,19.0,star,0,25.0,71,30.0,0.086,0.593,0.168,5.1,0.508,9.764765285042923,9.235234714957077,9.235234714957077
Gordon Hayward,2021-22,CHO,29925000.0,26.62,max,0,32.0,49,31.9,0.102,0.57,0.202,5.8,0.459,17.393168983083427,9.226831016916574,9.226831016916574
Kristaps Porziņģis,2019-20,DAL,27285000.0,25.0,star,0,24.0,57,31.8,0.128,0.551,0.263,7.0,0.427,15.77376843095801,9.22623156904199,9.22623156904199
Anthony Edwards,2025-26,MIN,45550512.0,29.45,max,0,24.0,61,35.0,0.145,0.617,0.309,9.9,0.489,20.257209516214036,9.192790483785963,9.192790483785963
Pascal Siakam,2020-21,TOR,30559200.0,28.0,max,0,27.0,56,35.8,0.119,0.547,0.261,7.8,0.455,18.823844587819508,9.176155412180492,9.176155412180492
Jaylen Brown,2019-20,BOS,6534829.0,5.99,bench,1,23.0,57,33.9,0.113,0.583,0.245,7.5,0.481,15.164250470424447,-9.174250470424447,9.174250470424447
Jordan Poole,2024-25,WAS,29651786.0,21.09,star,0,26.0,68,29.4,0.107,0.591,0.281,6.7,0.432,11.934202174355026,9.155797825644974,9.155797825644974
Kemba Walker,2018-19,CHO,12000000.0,11.78,starter,1,29.0,82,34.9,0.14,0.558,0.308,8.9,0.434,20.933622563407944,-9.153622563407945,9.153622563407945
Khris Middleton,2019-20,MIL,30603448.0,28.04,max,0,28.0,62,29.9,0.154,0.619,0.26,7.6,0.497,18.895123055881236,9.144876944118764,9.144876944118764
Dennis Schroder,2016-17,ATL,2708582.0,2.88,bench,1,23.0,79,31.5,0.117,0.533,0.272,6.9,0.451,12.022515380997703,-9.142515380997704,9.142515380997704
Deandre Ayton,2019-20,PHO,9562920.0,8.76,starter,0,21.0,38,32.5,0.137,0.568,0.231,8.2,0.546,17.89229640236501,-9.132296402365009,9.132296402365009
Will Barton,2017-18,DEN,3533333.0,3.57,bench,1,27.0,81,33.1,0.109,0.562,0.201,5.7,0.452,12.701128408113288,-9.131128408113288,9.131128408113288
Miles Plumlee,2017-18,ATL,12500000.0,12.62,starter,0,29.0,55,16.7,0.071,0.574,0.127,1.9,0.583,3.4924846755421326,9.127515324457868,9.127515324457868
James Harden,2019-20,HOU,38199000.0,35.0,max,0,30.0,68,36.5,0.19,0.626,0.356,9.9,0.444,25.88333082833231,9.116669171667692,9.116669171667692
Rudy Gobert,2018-19,UTA,23241573.0,22.82,star,0,27.0,81,31.8,0.17,0.682,0.175,5.9,0.669,13.706416037799334,9.113583962200666,9.113583962200666
Jimmy Butler,2022-23,MIA,37653300.0,30.45,max,0,33.0,64,33.4,0.177,0.647,0.248,7.5,0.539,21.34197995774621,9.108020042253788,9.108020042253788
Michael Kidd-Gilchrist,2017-18,CHO,13000000.0,13.13,starter,0,24.0,74,25.0,0.074,0.536,0.159,3.8,0.504,4.025533825855647,9.104466174144353,9.104466174144353
Stephen Curry,2022-23,GSW,48070014.0,38.87,max,0,35.0,56,34.7,0.166,0.656,0.297,10.0,0.493,29.7673771834946,9.102622816505399,9.102622816505399
Marc Gasol,2020-21,LAL,2564753.0,2.35,bench,0,36.0,52,19.1,0.083,0.606,0.117,1.7,0.454,11.452176559863418,-9.102176559863418,9.102176559863418
Hassan Whiteside,2021-22,UTA,2401537.0,2.14,bench,0,33.0,65,17.9,0.132,0.662,0.164,3.3,0.652,11.192527923230733,-9.052527923230732,9.052527923230732
Donovan Mitchell,2017-18,UTA,2621280.0,2.65,bench,0,21.0,79,33.4,0.109,0.541,0.283,7.5,0.437,11.661277794470342,-9.011277794470342,9.011277794470342
Taj Gibson,2020-21,NYK,2442968.0,2.24,bench,1,36.0,45,20.8,0.095,0.661,0.095,2.2,0.627,11.241631363585341,-9.001631363585341,9.001631363585341
Lou Williams,2018-19,LAC,8000000.0,7.85,bench,0,32.0,75,26.6,0.147,0.554,0.308,6.5,0.425,16.849945711861682,-8.999945711861683,8.999945711861683
Tristan Thompson,2016-17,CLE,15330435.0,16.28,star,0,26.0,78,30.0,0.089,0.594,0.112,3.4,0.6,7.280897554764118,8.999102445235884,8.999102445235884
Dennis Schröder,2022-23,LAL,1836090.0,1.48,bench,1,29.0,66,30.1,0.077,0.545,0.183,4.1,0.415,10.477522384291492,-8.997522384291491,8.997522384291491
Kevin Porter,2020-21,HOU,1717981.0,1.57,bench,0,21.0,26,32.1,0.086,0.528,0.247,6.0,0.425,10.563319731978337,-8.993319731978337,8.993319731978337
Brook Lopez,2018-19,MIL,3382000.0,3.32,bench,1,31.0,81,28.7,0.088,0.597,0.165,4.4,0.452,12.291807059758122,-8.971807059758122,8.971807059758122
Russell Westbrook,2018-19,OKC,35654150.0,35.0,max,0,30.0,73,36.0,0.164,0.501,0.301,8.6,0.428,26.02855880081672,8.971441199183278,8.971441199183278
Kevin Love,2019-20,CLE,28942830.0,26.52,max,0,31.0,56,31.8,0.14,0.599,0.225,5.8,0.45,17.549412885071796,8.970587114928204,8.970587114928204
Kelly Oubre,2024-25,PHI,7983000.0,5.68,bench,0,29.0,60,34.6,0.084,0.551,0.186,5.8,0.47,14.640483637581916,-8.960483637581916,8.960483637581916
Kent Bazemore,2016-17,ATL,15730338.0,16.71,star,0,27.0,73,26.9,0.074,0.504,0.202,4.0,0.409,7.757873158824269,8.952126841175732,8.952126841175732
Jordan Clarkson,2022-23,UTA,13340000.0,10.79,starter,1,31.0,61,32.6,0.102,0.558,0.273,7.5,0.444,19.739454005492004,-8.949454005492004,8.949454005492004
Nikola Vučević,2024-25,CHI,20000000.0,14.23,starter,0,34.0,73,31.2,0.136,0.611,0.221,7.5,0.53,23.17633882133754,-8.946338821337541,8.946338821337541
Shaedon Sharpe,2025-26,POR,8399983.0,5.43,bench,0,23.0,50,29.4,0.108,0.546,0.293,7.8,0.452,14.37300856010695,-8.94300856010695,8.94300856010695
Ja Morant,2025-26,MEM,39446090.0,25.51,max,0,26.0,20,28.4,0.128,0.521,0.305,6.6,0.41,16.568657122790775,8.941342877209227,8.941342877209227
Malcolm Brogdon,2017-18,MIL,1312611.0,1.33,bench,0,25.0,48,29.9,0.094,0.578,0.189,5.1,0.485,10.261189805218462,-8.931189805218462,8.931189805218462
Jeff Green,2016-17,ORL,15000000.0,15.93,star,0,30.0,69,22.2,0.077,0.505,0.2,3.2,0.394,7.00244653241934,8.92755346758066,8.92755346758066
Kelly Oubre Jr.,2025-26,PHI,8382150.0,5.42,bench,0,30.0,50,31.5,0.083,0.58,0.179,5.1,0.467,14.308913910135834,-8.888913910135834,8.888913910135834
Buddy Hield,2020-21,SAC,24701834.0,22.63,star,0,28.0,71,34.3,0.084,0.567,0.201,5.7,0.406,13.741991373760392,8.888008626239607,8.888008626239607
Tony Parker,2018-19,CHO,5000000.0,4.91,bench,0,37.0,56,17.9,0.109,0.512,0.247,3.8,0.46,13.779193289104207,-8.869193289104206,8.869193289104206
Franz Wagner,2023-24,ORL,5508720.0,4.05,bench,1,22.0,72,32.5,0.131,0.575,0.25,7.3,0.482,12.90720330884694,-8.857203308846941,8.857203308846941
Deandre Ayton,2022-23,PHO,30913750.0,25.0,star,0,24.0,67,30.4,0.145,0.617,0.231,7.8,0.589,16.14991738660301,8.850082613396989,8.850082613396989
Jamal Murray,2022-23,DEN,31650600.0,25.6,max,0,26.0,65,32.8,0.121,0.571,0.256,7.3,0.454,16.755195238766152,8.84480476123385,8.84480476123385
Reed Sheppard,2024-25,HOU,10098960.0,7.18,bench,0,21.0,52,12.6,0.06,0.465,0.171,1.6,0.351,-1.649008078861017,8.829008078861017,8.829008078861017
John Henson,2016-17,MIL,12517606.0,13.3,starter,0,26.0,58,19.4,0.092,0.55,0.163,2.7,0.515,4.477912893829307,8.822087106170693,8.822087106170693
David West,2016-17,GSW,1551659.0,1.65,bench,0,36.0,68,12.6,0.123,0.571,0.191,2.0,0.536,10.46676219235807,-8.81676219235807,8.81676219235807
Darius Garland,2021-22,CLE,7040880.0,6.26,bench,1,22.0,68,35.7,0.134,0.576,0.272,8.0,0.462,15.071195495494738,-8.811195495494738,8.811195495494738
Trae Young,2020-21,ATL,6571800.0,6.02,bench,1,22.0,63,33.7,0.15,0.589,0.32,7.7,0.438,14.830905325466835,-8.810905325466836,8.810905325466836
Paul George,2020-21,LAC,35450412.0,32.48,max,0,31.0,54,33.7,0.145,0.598,0.296,8.2,0.467,23.6709452465725,8.809054753427496,8.809054753427496
Kawhi Leonard,2024-25,LAC,49205800.0,35.0,max,0,34.0,37,31.9,0.134,0.589,0.28,8.4,0.498,26.197128828108703,8.802871171891297,8.802871171891297
Nicolas Batum,2016-17,CHO,20869566.0,22.17,star,0,28.0,77,34.0,0.118,0.529,0.215,5.1,0.403,13.367287261087098,8.802712738912904,8.802712738912904
Andre Drummond,2020-21,TOT,28512226.0,26.12,max,0,27.0,46,27.0,0.139,0.519,0.269,6.1,0.493,17.317793540221672,8.80220645977833,8.80220645977833
Jabari Parker,2016-17,MIL,5374320.0,5.71,bench,1,22.0,51,33.9,0.121,0.563,0.257,7.8,0.49,14.508882086522483,-8.798882086522482,8.798882086522482
Spencer Dinwiddie,2024-25,DAL,2087519.0,1.48,bench,0,32.0,79,27.0,0.089,0.553,0.175,3.6,0.416,10.271309083478407,-8.791309083478406,8.791309083478406
Devin Vassell,2022-23,SAS,4437000.0,3.59,bench,1,22.0,38,31.0,0.108,0.55,0.24,6.9,0.439,12.378825975790516,-8.788825975790516,8.788825975790516
Ryan Rollins,2025-26,MIL,4000000.0,2.59,bench,0,23.0,74,32.1,0.111,0.583,0.236,6.6,0.472,11.368837547294554,-8.778837547294554,8.778837547294554
Luol Deng,2016-17,LAL,18000000.0,19.12,star,0,32.0,56,26.5,0.077,0.47,0.141,2.9,0.387,10.341491665348313,8.778508334651688,8.778508334651688
Josh Green,2025-26,CHO,13666667.0,8.84,starter,0,25.0,58,15.7,0.059,0.644,0.104,1.4,0.459,0.06538309647764946,8.77461690352235,8.77461690352235
Anthony Black,2023-24,ORL,7245480.0,5.33,bench,0,20.0,69,16.9,0.054,0.56,0.123,1.7,0.466,-3.440765183975413,8.770765183975413,8.770765183975413
DeAndre Jordan,2017-18,LAC,22642350.0,22.86,star,0,29.0,77,31.5,0.152,0.648,0.151,4.8,0.645,14.090752585910867,8.769247414089133,8.769247414089133
Jamal Murray,2018-19,DEN,3499800.0,3.44,bench,1,22.0,75,32.6,0.108,0.538,0.241,6.8,0.437,12.192158239185412,-8.752158239185412,8.752158239185412
Jonathan Isaac,2023-24,ORL,17400000.0,12.79,starter,1,26.0,58,15.8,0.136,0.61,0.16,2.5,0.51,4.0541827785634,8.735817221436598,8.735817221436598
DeAndre Jordan,2024-25,DEN,2087519.0,1.48,bench,0,36.0,56,12.3,0.115,0.621,0.126,1.6,0.65,10.203597989873039,-8.723597989873038,8.723597989873038
Evan Turner,2018-19,POR,17868853.0,17.54,star,0,30.0,73,22.0,0.099,0.504,0.158,2.8,0.46,8.825398108675566,8.714601891324433,8.714601891324433
Reggie Jackson,2023-24,DEN,5000000.0,3.68,bench,0,34.0,82,22.2,0.081,0.521,0.209,4.0,0.431,12.392876578988187,-8.712876578988187,8.712876578988187
Caris LeVert,2018-19,BRK,1702800.0,1.67,bench,1,24.0,40,26.6,0.103,0.509,0.235,5.2,0.429,10.381832192129973,-8.711832192129974,8.711832192129974
Kristaps Porziņģis,2020-21,DAL,29467800.0,27.0,max,0,25.0,43,30.9,0.135,0.582,0.259,7.6,0.476,18.303094509907623,8.696905490092377,8.696905490092377
Kent Bazemore,2018-19,ATL,18089887.0,17.76,star,0,29.0,67,24.5,0.083,0.507,0.215,4.1,0.402,9.06436790422518,8.69563209577482,8.69563209577482
Evan Turner,2016-17,POR,16393443.0,17.41,star,0,28.0,65,25.5,0.088,0.491,0.182,3.6,0.426,8.729029798303712,8.680970201696288,8.680970201696288
Spencer Dinwiddie,2018-19,BRK,1656092.0,1.63,bench,1,26.0,68,28.1,0.11,0.58,0.242,5.4,0.442,10.309683818145219,-8.679683818145218,8.679683818145218
Bobby Portis,2024-25,MIL,12578286.0,8.95,starter,0,30.0,49,25.4,0.131,0.542,0.234,5.7,0.466,17.627915566620448,-8.677915566620449,8.677915566620449
Blake Griffin,2022-23,BOS,1836090.0,1.48,bench,0,34.0,41,13.9,0.086,0.59,0.125,1.5,0.485,10.156681177545272,-8.676681177545271,8.676681177545271
Derrick White,2020-21,SAS,3516284.0,3.22,bench,1,26.0,36,29.5,0.09,0.55,0.223,5.2,0.411,11.892035668891275,-8.672035668891274,8.672035668891274
Paul George,2021-22,LAC,39344970.0,35.0,max,0,32.0,31,34.8,0.148,0.538,0.329,8.6,0.421,26.328107856405943,8.671892143594057,8.671892143594057
Josh Richardson,2023-24,MIA,2891467.0,2.13,bench,0,30.0,43,25.6,0.08,0.573,0.159,3.6,0.444,10.794219374345776,-8.664219374345777,8.664219374345777
Kawhi Leonard,2023-24,LAC,45640084.0,33.55,max,0,33.0,68,34.3,0.154,0.626,0.261,9.0,0.525,24.895007723327648,8.654992276672349,8.654992276672349
Jaylen Brown,2025-26,BOS,53142264.0,34.36,max,0,29.0,71,34.4,0.152,0.573,0.351,10.4,0.477,25.734264773347505,8.625735226652495,8.625735226652495
Enes Freedom,2020-21,POR,5005350.0,4.59,bench,0,29.0,72,24.4,0.141,0.636,0.169,4.7,0.604,13.213068410377279,-8.623068410377279,8.623068410377279
Goran Dragić,2022-23,TOT,2226523.0,1.8,bench,0,37.0,58,15.0,0.073,0.514,0.198,2.4,0.421,10.415551637575353,-8.615551637575352,8.615551637575352
Desmond Bane,2025-26,ORL,36725670.0,23.75,star,0,27.0,82,33.6,0.111,0.607,0.224,7.1,0.484,15.152698038819803,8.597301961180197,8.597301961180197
Kevin Durant,2020-21,BRK,39058950.0,35.79,max,0,32.0,35,33.1,0.172,0.666,0.303,9.3,0.537,27.223574295928394,8.566425704071605,8.566425704071605
Richaun Holmes,2020-21,SAC,5005350.0,4.59,bench,1,27.0,61,29.2,0.122,0.669,0.173,6.0,0.637,13.155305864195128,-8.565305864195128,8.565305864195128
Devonte' Graham,2020-21,CHO,1663861.0,1.52,bench,1,26.0,55,30.2,0.103,0.552,0.211,4.6,0.377,10.064605683778314,-8.544605683778315,8.544605683778315
Garrett Temple,2019-20,BRK,4767000.0,4.37,bench,0,34.0,62,27.9,0.078,0.513,0.162,3.6,0.378,12.912045887253939,-8.542045887253938,8.542045887253938
Kyle Kuzma,2022-23,WAS,13000000.0,10.51,starter,1,27.0,64,35.0,0.109,0.544,0.273,8.0,0.448,19.037058865830115,-8.527058865830115,8.527058865830115
Brandon Ingram,2020-21,NOP,27285000.0,25.0,star,0,23.0,61,34.3,0.128,0.584,0.279,8.4,0.466,16.477387064558087,8.522612935441913,8.522612935441913
George Hill,2016-17,UTA,8000000.0,8.5,starter,1,31.0,49,31.5,0.128,0.599,0.229,5.9,0.477,17.010468463454753,-8.510468463454753,8.510468463454753
Damian Lillard,2022-23,POR,42492492.0,34.36,max,0,32.0,58,36.3,0.173,0.645,0.331,9.6,0.463,25.850276560478143,8.509723439521856,8.509723439521856
Greg Monroe,2016-17,MIL,17100000.0,18.16,star,1,27.0,81,22.5,0.139,0.572,0.238,4.8,0.533,9.657586506531516,8.502413493468485,8.502413493468485
Evan Fournier,2016-17,ORL,17000000.0,18.06,star,0,24.0,68,32.8,0.085,0.555,0.229,6.0,0.439,9.559421877383599,8.5005781226164,8.5005781226164
Dillon Brooks,2019-20,MEM,1618520.0,1.48,bench,1,24.0,73,28.9,0.062,0.51,0.247,6.0,0.407,9.977609573640326,-8.497609573640325,8.497609573640325
Patrick Williams,2024-25,CHI,18000000.0,12.8,starter,0,23.0,63,25.0,0.062,0.512,0.165,3.3,0.397,4.311825063197534,8.488174936802466,8.488174936802466
Stephen Curry,2016-17,GSW,12112359.0,12.87,starter,1,29.0,79,33.4,0.151,0.624,0.286,8.5,0.468,21.357264218740315,-8.487264218740316,8.487264218740316
Bam Adebayo,2021-22,MIA,28103550.0,25.0,star,0,24.0,56,32.6,0.161,0.608,0.248,7.3,0.557,16.530208771042656,8.469791228957344,8.469791228957344
John Collins,2020-21,ATL,4137302.0,3.79,bench,1,23.0,63,29.3,0.125,0.645,0.214,6.8,0.556,12.253325226967345,-8.463325226967346,8.463325226967346
Joe Harris,2022-23,BRK,18642857.0,15.08,star,0,31.0,74,20.6,0.067,0.621,0.141,2.7,0.457,6.616819246179189,8.463180753820811,8.463180753820811
Kevin Durant,2024-25,PHO,51179021.0,36.4,max,0,36.0,62,36.5,0.142,0.642,0.283,9.5,0.527,27.945540023316617,8.454459976683381,8.454459976683381
JaVale McGee,2021-22,PHO,5000000.0,4.45,bench,0,34.0,74,15.8,0.152,0.651,0.214,3.9,0.629,12.892100721053113,-8.442100721053112,8.442100721053112
Brandon Ingram,2021-22,NOP,29467800.0,26.21,max,0,24.0,55,34.0,0.139,0.554,0.291,8.2,0.461,17.77329822083956,8.43670177916044,8.43670177916044
Brandon Knight,2016-17,PHO,12606250.0,13.39,starter,0,25.0,54,21.1,0.088,0.502,0.248,3.9,0.398,4.953607172951617,8.436392827048383,8.436392827048383
Andre Drummond,2025-26,PHI,5000000.0,3.23,bench,0,32.0,63,19.5,0.113,0.539,0.143,2.5,0.472,11.660132275581557,-8.430132275581556,8.430132275581556
Duncan Robinson,2022-23,MIA,16902000.0,13.67,starter,0,29.0,42,16.4,0.049,0.534,0.172,2.1,0.371,5.242218961327441,8.42778103867256,8.42778103867256
Isaiah Stewart,2024-25,DET,15000000.0,10.67,starter,0,24.0,72,19.9,0.096,0.616,0.121,2.4,0.559,2.2497727279466555,8.420227272053344,8.420227272053344
Gary Harris,2017-18,DEN,2550055.0,2.58,bench,1,23.0,67,34.4,0.098,0.597,0.204,6.6,0.485,10.998494073797461,-8.418494073797461,8.418494073797461
Chris Paul,2024-25,SAS,10460000.0,7.44,bench,0,40.0,82,28.0,0.102,0.58,0.137,3.0,0.427,15.853916072947992,-8.413916072947991,8.413916072947991
Zion Williamson,2020-21,NOP,10245480.0,9.39,starter,0,20.0,61,33.2,0.161,0.649,0.287,10.4,0.611,17.793369824650796,-8.403369824650795,8.403369824650795
Michael Carter-Williams,2020-21,ORL,3300000.0,3.02,bench,0,29.0,31,25.8,0.064,0.449,0.198,3.4,0.389,11.418054729768384,-8.398054729768385,8.398054729768385
James Harden,2023-24,LAC,35680595.0,26.23,max,0,34.0,72,34.3,0.131,0.612,0.202,4.9,0.428,17.84159460237219,8.38840539762781,8.38840539762781
Solomon Hill,2016-17,NOP,11241218.0,11.94,starter,0,26.0,80,29.7,0.053,0.527,0.114,2.3,0.383,3.5555416802712316,8.384458319728768,8.384458319728768
Zeke Nnaji,2024-25,DEN,8888889.0,6.32,bench,0,24.0,57,10.7,0.063,0.574,0.119,1.2,0.496,-2.062515006426799,8.3825150064268,8.3825150064268
Saddiq Bey,2025-26,NOP,6118644.0,3.96,bench,0,27.0,72,31.2,0.112,0.579,0.213,6.1,0.451,12.319741882276425,-8.359741882276424,8.359741882276424
Tobias Harris,2016-17,DET,17200000.0,18.27,star,0,24.0,82,31.3,0.113,0.568,0.214,6.2,0.481,9.93708145038565,8.33291854961435,8.33291854961435
Jordan Poole,2021-22,GSW,2161440.0,1.92,bench,1,23.0,76,30.0,0.111,0.598,0.252,6.2,0.448,10.252441437300368,-8.332441437300368,8.332441437300368
Mark Williams,2024-25,CHO,4094280.0,2.91,bench,1,23.0,44,26.6,0.156,0.647,0.21,6.1,0.604,11.229617393574204,-8.319617393574203,8.319617393574203
James Wiseman,2023-24,DET,12119440.0,8.91,starter,0,23.0,63,17.3,0.097,0.637,0.158,3.0,0.613,0.6034331155815277,8.306566884418473,8.306566884418473
Robert Covington,2016-17,PHI,1015696.0,1.08,bench,1,26.0,67,31.6,0.091,0.534,0.188,4.4,0.399,9.380342609411443,-8.300342609411443,8.300342609411443
Nemanja Bjelica,2021-22,GSW,2089448.0,1.86,bench,0,34.0,71,16.1,0.11,0.573,0.175,2.3,0.468,10.154523592884177,-8.294523592884177,8.294523592884177
Immanuel Quickley,2025-26,TOR,32500000.0,21.02,star,0,26.0,70,31.9,0.118,0.577,0.206,5.7,0.443,12.732972925467351,8.287027074532649,8.287027074532649
Clint Capela,2016-17,HOU,1296240.0,1.38,bench,1,23.0,65,23.9,0.13,0.638,0.199,5.6,0.643,9.664004836939283,-8.284004836939282,8.284004836939282
Zach Randolph,2016-17,MEM,10361445.0,11.01,starter,0,35.0,73,24.5,0.152,0.49,0.28,5.9,0.449,19.282335907822567,-8.272335907822567,8.272335907822567
Brandon Ingram,2019-20,NOP,7265485.0,6.66,bench,1,22.0,62,33.9,0.13,0.587,0.275,8.2,0.463,14.928396599750531,-8.268396599750531,8.268396599750531
Toumani Camara,2025-26,POR,2221677.0,1.44,bench,0,26.0,82,33.3,0.073,0.578,0.16,4.8,0.44,9.69282925150324,-8.25282925150324,8.25282925150324
Mason Plumlee,2017-18,DEN,14041096.0,14.18,starter,0,28.0,74,19.5,0.098,0.586,0.161,3.0,0.601,5.943273273118597,8.236726726881404,8.236726726881404
Ryan Anderson,2016-17,HOU,18735364.0,19.9,star,0,29.0,72,29.4,0.079,0.583,0.178,4.5,0.418,11.673199933068634,8.226800066931364,8.226800066931364
Reggie Jackson,2021-22,LAC,10384500.0,9.24,starter,0,32.0,75,31.2,0.088,0.488,0.273,6.4,0.392,17.465020429368746,-8.225020429368746,8.225020429368746
Rudy Gobert,2016-17,UTA,2121288.0,2.25,bench,1,25.0,81,33.9,0.161,0.681,0.166,5.1,0.661,10.472220057519046,-8.222220057519046,8.222220057519046
Serge Ibaka,2017-18,TOR,20061729.0,20.26,star,0,28.0,76,27.5,0.098,0.574,0.189,5.0,0.483,12.045504719642205,8.214495280357797,8.214495280357797
Jusuf Nurkic,2017-18,POR,2947305.0,2.98,bench,0,23.0,79,26.4,0.127,0.528,0.257,6.1,0.505,11.183818034594509,-8.203818034594509,8.203818034594509
Wesley Matthews,2021-22,MIL,1958501.0,1.74,bench,0,35.0,49,20.5,0.035,0.536,0.104,1.8,0.395,9.941422363635139,-8.201422363635139,8.201422363635139
Draymond Green,2020-21,GSW,22246956.0,20.38,star,0,31.0,63,31.5,0.107,0.53,0.128,2.7,0.447,12.179853819014102,8.200146180985897,8.200146180985897
Jrue Holiday,2017-18,NOP,25686667.0,25.94,max,0,28.0,81,36.1,0.118,0.57,0.225,7.6,0.494,17.759615098864295,8.180384901135707,8.180384901135707
Rudy Gobert,2025-26,MIN,35000000.0,22.63,star,0,33.0,76,31.3,0.121,0.664,0.127,4.4,0.682,14.463590628523965,8.166409371476034,8.166409371476034
Luke Kennard,2019-20,DET,3827160.0,3.51,bench,1,24.0,28,32.9,0.098,0.589,0.193,5.4,0.442,11.672153897766218,-8.162153897766219,8.162153897766219
Tony Allen,2016-17,MEM,5505618.0,5.85,bench,0,35.0,71,27.0,0.08,0.493,0.178,3.9,0.461,14.009788205635466,-8.159788205635467,8.159788205635467
Jae Crowder,2023-24,MIL,2019706.0,1.48,bench,0,33.0,50,23.1,0.059,0.546,0.113,2.3,0.422,9.635641742430622,-8.155641742430621,8.155641742430621
D'Angelo Russell,2018-19,BRK,7019698.0,6.89,bench,1,23.0,81,30.2,0.141,0.533,0.311,8.1,0.434,15.042971379939896,-8.152971379939896,8.152971379939896
P.J. Tucker,2021-22,MIA,7000000.0,6.23,bench,1,37.0,71,27.9,0.083,0.593,0.116,2.9,0.484,14.379299642686465,-8.149299642686465,8.149299642686465
Cameron Johnson,2023-24,BRK,25679348.0,18.88,star,0,28.0,58,27.6,0.097,0.582,0.19,4.8,0.446,10.736607905267508,8.14339209473249,8.14339209473249
Karl-Anthony Towns,2021-22,MIN,31650600.0,28.16,max,0,26.0,74,33.5,0.159,0.64,0.272,8.7,0.529,20.021631046526657,8.138368953473343,8.138368953473343
Kent Bazemore,2017-18,ATL,16910113.0,17.08,star,0,28.0,65,27.5,0.099,0.547,0.221,4.4,0.42,8.945730752634198,8.1342692473658,8.1342692473658
Dwight Powell,2016-17,DAL,8375000.0,8.9,starter,0,25.0,77,17.3,0.107,0.588,0.162,2.5,0.515,0.7682974116225205,8.131702588377479,8.131702588377479
Zion Williamson,2023-24,NOP,34005250.0,25.0,star,0,23.0,70,31.5,0.145,0.61,0.285,8.9,0.57,16.870710524381654,8.129289475618346,8.129289475618346
Wesley Matthews,2022-23,MIL,1836090.0,1.48,bench,0,36.0,52,15.8,0.041,0.519,0.095,1.1,0.363,9.607632649995693,-8.127632649995693,8.127632649995693
Gary Harris,2019-20,DEN,17839286.0,16.35,star,0,25.0,56,31.8,0.062,0.519,0.15,3.9,0.42,8.223576564289967,8.126423435710034,8.126423435710034
Bradley Beal,2016-17,WAS,22116750.0,23.49,star,0,24.0,77,34.9,0.119,0.604,0.258,8.3,0.482,15.367190587898442,8.122809412101557,8.122809412101557
Wilson Chandler,2019-20,BRK,2564753.0,2.35,bench,0,33.0,35,21.0,0.065,0.531,0.128,2.1,0.404,10.4707988433511,-8.1207988433511,8.1207988433511
Jeff Green,2018-19,WAS,2393887.0,2.35,bench,1,32.0,77,27.2,0.088,0.608,0.174,4.2,0.475,10.46863952188078,-8.11863952188078,8.11863952188078
Luguentz Dort,2021-22,OKC,1782621.0,1.59,bench,1,23.0,51,32.7,0.077,0.541,0.228,5.7,0.404,9.692669282733693,-8.102669282733693,8.102669282733693
Christian Braun,2024-25,DEN,3089640.0,2.2,bench,1,24.0,79,33.9,0.096,0.665,0.155,6.0,0.58,10.29970378330558,-8.099703783305578,8.099703783305578
Meyers Leonard,2016-17,POR,9213484.0,9.79,starter,0,25.0,74,16.5,0.061,0.507,0.154,2.0,0.386,1.6913630865688778,8.098636913431122,8.098636913431122
Elfrid Payton,2018-19,NOP,3000000.0,2.94,bench,1,25.0,42,29.8,0.098,0.502,0.177,4.3,0.434,11.038159218306356,-8.098159218306357,8.098159218306357
Rudy Gobert,2019-20,UTA,25008427.0,22.91,star,0,28.0,68,34.3,0.151,0.699,0.162,5.7,0.693,14.817968362012678,8.092031637987322,8.092031637987322
Devin Booker,2020-21,PHO,29467800.0,27.0,max,0,24.0,67,33.9,0.125,0.587,0.319,9.3,0.484,18.931421291701405,8.068578708298595,8.068578708298595
Jameer Nelson,2016-17,DEN,4540525.0,4.82,bench,1,35.0,75,27.3,0.075,0.544,0.156,3.6,0.444,12.881747225862803,-8.061747225862803,8.061747225862803
Al Horford,2019-20,PHI,28000000.0,25.66,max,0,34.0,67,30.2,0.112,0.536,0.173,4.8,0.45,17.602212646866114,8.057787353133886,8.057787353133886
Solomon Hill,2018-19,NOP,12252928.0,12.03,starter,0,28.0,44,20.0,0.042,0.497,0.104,1.5,0.382,3.987523298856459,8.04247670114354,8.04247670114354
Devin Booker,2016-17,PHO,2223600.0,2.36,bench,0,20.0,78,35.0,0.089,0.531,0.28,7.8,0.423,10.385405094438374,-8.025405094438375,8.025405094438375
De'Aaron Fox,2019-20,SAC,6392760.0,5.86,bench,1,22.0,51,32.0,0.124,0.558,0.29,7.7,0.48,13.86075572974639,-8.000755729746391,8.000755729746391
Dragan Bender,2016-17,PHO,4276320.0,4.54,bench,0,19.0,43,13.3,0.033,0.44,0.145,1.3,0.354,-3.4589187407990947,7.998918740799095,7.998918740799095
Amen Thompson,2025-26,HOU,9690600.0,6.27,bench,0,23.0,79,37.4,0.128,0.594,0.195,7.1,0.534,14.25682145340556,-7.986821453405561,7.986821453405561
Lonzo Ball,2024-25,CHI,21395348.0,15.22,star,0,27.0,35,22.2,0.078,0.524,0.152,2.5,0.366,7.236110247846314,7.9838897521536865,7.9838897521536865
Lauri Markkanen,2018-19,CHI,4536120.0,4.45,bench,0,22.0,52,32.3,0.125,0.553,0.245,6.6,0.43,12.432033728007854,-7.9820337280078535,7.9820337280078535
Ja Morant,2024-25,MEM,36725670.0,26.12,max,0,25.0,50,30.4,0.141,0.563,0.312,8.1,0.454,18.14397442596377,7.976025574036232,7.976025574036232
Jalen Green,2025-26,PHO,33584499.0,21.72,star,0,24.0,32,25.9,0.106,0.516,0.309,6.8,0.422,13.752547424515448,7.96745257548455,7.96745257548455
Wesley Matthews,2018-19,TOT,19360229.0,19.01,star,0,32.0,69,30.3,0.062,0.546,0.175,4.0,0.4,11.044820448164861,7.96517955183514,7.96517955183514
Cody Zeller,2017-18,CHO,12584270.0,12.71,starter,0,25.0,33,19.0,0.096,0.602,0.152,2.6,0.545,4.749908918748893,7.960091081251107,7.960091081251107
Zach LaVine,2017-18,CHI,3202217.0,3.23,bench,1,23.0,24,27.3,0.092,0.499,0.29,5.7,0.383,11.188968230546884,-7.958968230546883,7.958968230546883
De'Anthony Melton,2025-26,GSW,3080921.0,1.99,bench,0,28.0,49,23.0,0.09,0.518,0.244,4.4,0.407,9.936049388560566,-7.946049388560565,7.946049388560565
Jamal Murray,2025-26,DEN,46394100.0,30.0,max,0,29.0,75,35.4,0.142,0.622,0.269,8.8,0.483,22.097940801414307,7.902059198585693,7.902059198585693
Bam Adebayo,2024-25,MIA,34848340.0,24.79,star,0,27.0,78,34.3,0.137,0.561,0.232,6.9,0.485,16.889173064935207,7.900826935064792,7.900826935064792
Brook Lopez,2022-23,MIL,13906976.0,11.25,starter,1,35.0,78,30.4,0.111,0.63,0.187,6.1,0.531,19.147396550740073,-7.897396550740073,7.897396550740073
Jordan Poole,2022-23,GSW,3901399.0,3.16,bench,1,24.0,82,30.0,0.104,0.573,0.282,6.7,0.43,11.03134082603702,-7.87134082603702,7.87134082603702
Devin Booker,2019-20,PHO,27285000.0,25.0,star,0,23.0,70,35.9,0.138,0.618,0.294,9.0,0.489,17.14113059421071,7.858869405789289,7.858869405789289
Cristiano Felício,2018-19,CHI,8470980.0,8.32,starter,0,26.0,60,12.4,0.086,0.568,0.138,1.6,0.531,0.4627578085775393,7.857242191422461,7.857242191422461
Bobby Portis,2019-20,NYK,15000000.0,13.74,starter,0,25.0,66,21.1,0.108,0.53,0.207,4.0,0.45,5.88672372980554,7.85327627019446,7.85327627019446
Kyle Kuzma,2017-18,LAL,1423560.0,1.44,bench,0,22.0,77,31.2,0.104,0.549,0.219,6.1,0.45,9.288842956483744,-7.848842956483745,7.848842956483745
Gary Harris,2018-19,DEN,16517857.0,16.21,star,0,24.0,57,28.8,0.076,0.526,0.195,4.7,0.424,8.367425439486325,7.842574560513675,7.842574560513675
Kevin Durant,2025-26,HOU,54708609.0,35.38,max,0,37.0,78,36.4,0.15,0.641,0.263,9.2,0.52,27.54308181678266,7.8369181832173425,7.8369181832173425
Andre Drummond,2018-19,DET,25434263.0,24.97,star,0,25.0,79,33.5,0.159,0.555,0.226,7.1,0.533,17.13477502518212,7.83522497481788,7.83522497481788
Onyeka Okongwu,2020-21,ATL,5813640.0,5.33,bench,0,20.0,50,12.0,0.087,0.655,0.141,1.9,0.644,-2.504705462701837,7.834705462701837,7.834705462701837
Keldon Johnson,2021-22,SAS,2145720.0,1.91,bench,1,22.0,75,31.9,0.102,0.574,0.21,6.3,0.466,9.729455353656103,-7.819455353656103,7.819455353656103
Shai Gilgeous-Alexander,2019-20,OKC,3952920.0,3.62,bench,0,21.0,70,34.7,0.123,0.568,0.235,6.8,0.471,11.437594148902551,-7.817594148902551,7.817594148902551
Deandre Ayton,2024-25,POR,34005126.0,24.19,star,0,26.0,40,30.1,0.125,0.583,0.197,6.6,0.566,16.394160143285763,7.795839856714238,7.795839856714238
Devin Vassell,2023-24,SAS,5887899.0,4.33,bench,1,23.0,68,33.1,0.112,0.578,0.229,7.3,0.472,12.119540372121312,-7.789540372121312,7.789540372121312
Scottie Barnes,2024-25,TOR,10130980.0,7.21,bench,1,23.0,65,32.8,0.139,0.523,0.262,7.3,0.446,14.999512556502484,-7.789512556502484,7.789512556502484
Evan Mobley,2024-25,CLE,11227657.0,7.99,bench,1,24.0,71,30.5,0.151,0.633,0.226,7.1,0.557,15.759392767975369,-7.7693927679753685,7.7693927679753685
Jaden McDaniels,2024-25,MIN,23017242.0,16.37,star,0,24.0,82,31.9,0.086,0.562,0.16,4.9,0.477,8.609343310954097,7.760656689045904,7.760656689045904
Guerschon Yabusele,2024-25,PHI,2087519.0,1.48,bench,1,29.0,70,27.1,0.092,0.616,0.163,4.0,0.501,9.22089729701325,-7.74089729701325,7.74089729701325
Carmelo Anthony,2017-18,OKC,26243760.0,26.5,max,0,34.0,78,32.1,0.086,0.503,0.223,6.1,0.404,18.764382929762238,7.735617070237762,7.735617070237762
Beno Udrih,2016-17,DET,1551659.0,1.65,bench,0,34.0,39,14.4,0.13,0.535,0.195,2.4,0.467,9.379080737653231,-7.729080737653231,7.729080737653231
Brook Lopez,2025-26,LAC,8750000.0,5.66,bench,0,38.0,75,21.8,0.076,0.552,0.171,3.1,0.428,13.387870893644918,-7.727870893644917,7.727870893644917
James Johnson,2021-22,BRK,2641691.0,2.35,bench,0,35.0,62,19.2,0.068,0.513,0.136,2.3,0.469,10.061641174020176,-7.711641174020176,7.711641174020176
James Johnson,2016-17,MIA,4000000.0,4.25,bench,1,30.0,76,27.4,0.12,0.564,0.215,4.8,0.479,11.95414880928305,-7.7041488092830495,7.7041488092830495
De'Aaron Fox,2021-22,SAC,28103500.0,25.0,star,0,24.0,59,35.3,0.11,0.549,0.284,8.7,0.473,17.310175760333678,7.689824239666322,7.689824239666322
Duncan Robinson,2020-21,MIA,1663861.0,1.52,bench,1,27.0,72,31.4,0.075,0.628,0.162,4.4,0.439,9.208103522716366,-7.688103522716366,7.688103522716366
Zaza Pachulia,2016-17,GSW,2898000.0,3.08,bench,0,33.0,70,18.1,0.1,0.588,0.15,2.3,0.534,10.766599765268246,-7.686599765268246,7.686599765268246
Johnny Davis,2023-24,WAS,5050800.0,3.71,bench,0,22.0,50,12.3,0.036,0.462,0.117,1.2,0.403,-3.9571085548440372,7.667108554844037,7.667108554844037
Marc Gasol,2019-20,TOR,25595700.0,23.45,star,0,35.0,44,26.4,0.096,0.551,0.133,2.7,0.427,15.786750336147538,7.663249663852461,7.663249663852461
Alex Abrines,2016-17,OKC,5994764.0,6.37,bench,0,23.0,68,15.5,0.052,0.56,0.153,2.0,0.393,-1.2905409948370292,7.66054099483703,7.66054099483703
Jamal Murray,2020-21,DEN,27285000.0,25.0,star,0,24.0,48,35.5,0.117,0.592,0.244,7.9,0.477,17.34580244523406,7.65419755476594,7.65419755476594
Kyle Lowry,2016-17,TOR,12000000.0,12.75,starter,1,31.0,60,37.4,0.147,0.623,0.243,7.1,0.464,20.39846866349361,-7.64846866349361,7.64846866349361
Domantas Sabonis,2018-19,IND,2659800.0,2.61,bench,1,23.0,74,24.8,0.162,0.63,0.226,5.6,0.59,10.237527738441132,-7.627527738441133,7.627527738441133
Myles Turner,2019-20,IND,17500000.0,16.03,star,0,24.0,62,29.4,0.096,0.566,0.18,4.3,0.457,8.408266110475845,7.621733889524156,7.621733889524156
Austin Rivers,2018-19,TOT,13155323.0,12.91,starter,0,26.0,76,26.7,0.042,0.503,0.142,3.1,0.406,5.298922729187994,7.6110772708120065,7.6110772708120065
Wesley Matthews,2019-20,MIL,2564753.0,2.35,bench,1,33.0,67,24.4,0.054,0.547,0.123,2.5,0.396,9.957210008156915,-7.607210008156915,7.607210008156915
John Collins,2021-22,ATL,23000000.0,20.46,star,0,24.0,54,30.8,0.119,0.61,0.202,6.3,0.526,12.854099639132565,7.605900360867436,7.605900360867436
Jeff Green,2022-23,DEN,4500000.0,3.64,bench,1,36.0,56,19.5,0.071,0.576,0.167,2.9,0.488,11.166635359352185,-7.526635359352184,7.526635359352184
Andre Drummond,2023-24,CHI,3360000.0,2.47,bench,1,30.0,79,17.1,0.155,0.576,0.201,3.4,0.556,9.996161566997221,-7.526161566997221,7.526161566997221
Josh Green,2024-25,CHO,12654321.0,9.0,starter,0,24.0,68,27.8,0.043,0.559,0.115,2.6,0.428,1.4765235484894341,7.523476451510566,7.523476451510566
Luc Mbah a Moute,2017-18,HOU,1471382.0,1.49,bench,1,31.0,61,25.6,0.067,0.595,0.128,2.7,0.481,9.00438995429908,-7.51438995429908,7.51438995429908
Raymond Felton,2016-17,LAC,1551659.0,1.65,bench,0,33.0,80,21.2,0.078,0.496,0.163,2.8,0.43,9.161068339790946,-7.5110683397909455,7.5110683397909455
Maurice Harkless,2017-18,POR,10162922.0,10.26,starter,0,25.0,59,21.4,0.072,0.596,0.123,2.5,0.495,2.7598881620686795,7.50011183793132,7.50011183793132
Gordon Hayward,2022-23,CHO,30075000.0,24.32,star,0,33.0,50,31.5,0.101,0.563,0.196,5.5,0.475,16.83123878971985,7.488761210280149,7.488761210280149
Andre Drummond,2024-25,PHI,5000000.0,3.56,bench,0,31.0,40,18.8,0.109,0.535,0.183,2.9,0.5,11.032346810483379,-7.472346810483378,7.472346810483378
Collin Gillespie,2025-26,PHO,2296274.0,1.48,bench,0,26.0,80,28.5,0.108,0.575,0.181,4.4,0.418,8.946779725078276,-7.4667797250782755,7.4667797250782755
Deni Avdija,2025-26,POR,14375000.0,9.3,starter,0,25.0,66,33.3,0.149,0.6,0.285,7.5,0.462,16.765606358630606,-7.465606358630605,7.465606358630605
Karl-Anthony Towns,2022-23,MIN,33833400.0,27.36,max,0,27.0,29,33.0,0.138,0.618,0.25,7.3,0.495,19.894452046833653,7.465547953166347,7.465547953166347
Alex Abrines,2017-18,OKC,5725000.0,5.78,bench,0,24.0,75,15.1,0.048,0.567,0.126,1.5,0.395,-1.6749038826417473,7.454903882641748,7.454903882641748
Bradley Beal,2017-18,WAS,23775506.0,24.01,star,0,25.0,82,36.3,0.125,0.564,0.268,8.3,0.46,16.55944268519241,7.450557314807593,7.450557314807593
Garrett Temple,2020-21,CHI,4767000.0,4.37,bench,0,35.0,56,27.3,0.051,0.525,0.126,2.8,0.415,11.814827618410783,-7.444827618410783,7.444827618410783
Christian Braun,2025-26,DEN,4921797.0,3.18,bench,0,25.0,44,31.8,0.076,0.607,0.142,4.6,0.519,10.622227325700052,-7.442227325700053,7.442227325700053
Dario Saric,2017-18,PHI,2422560.0,2.45,bench,0,24.0,78,29.6,0.115,0.582,0.204,5.2,0.453,9.876054083100234,-7.426054083100234,7.426054083100234
Jeff Green,2021-22,DEN,4500000.0,4.0,bench,0,35.0,75,24.7,0.075,0.627,0.16,3.7,0.524,11.424444897704403,-7.424444897704403,7.424444897704403
Joel Embiid,2016-17,PHI,4826160.0,5.13,bench,1,23.0,31,25.4,0.174,0.584,0.356,6.5,0.466,12.550902166658924,-7.420902166658924,7.420902166658924
Draymond Green,2022-23,GSW,25806468.0,20.87,star,0,33.0,73,31.5,0.1,0.592,0.129,3.4,0.527,13.45179170470748,7.418208295292521,7.418208295292521
Taurean Prince,2021-22,MIN,13000000.0,11.56,starter,0,28.0,69,17.1,0.076,0.589,0.166,2.6,0.454,4.15495200312534,7.405047996874661,7.405047996874661
OG Anunoby,2020-21,TOR,3872215.0,3.55,bench,1,23.0,43,33.3,0.099,0.605,0.193,5.8,0.48,10.951051145135294,-7.401051145135294,7.401051145135294
Tyrese Maxey,2021-22,PHI,2602920.0,2.32,bench,0,21.0,75,35.3,0.105,0.594,0.199,6.4,0.485,9.713126867964174,-7.393126867964174,7.393126867964174
Evan Mobley,2023-24,CLE,8882640.0,6.53,bench,1,23.0,50,30.6,0.139,0.626,0.2,6.4,0.58,13.916098205381253,-7.386098205381253,7.386098205381253
Dwight Howard,2021-22,LAL,2641691.0,2.35,bench,0,36.0,60,16.2,0.112,0.657,0.145,2.2,0.612,9.719869351755007,-7.369869351755007,7.369869351755007
Tony Snell,2018-19,MIL,10607143.0,10.41,starter,0,27.0,74,17.6,0.069,0.585,0.127,2.2,0.452,3.0428592327548456,7.3671407672451545,7.3671407672451545
Jeff Green,2019-20,TOT,3405180.0,3.12,bench,0,33.0,48,20.0,0.086,0.59,0.188,3.3,0.462,10.46994942801937,-7.349949428019371,7.349949428019371
Jason Terry,2016-17,MIL,1551659.0,1.65,bench,0,39.0,74,18.4,0.058,0.6,0.096,1.4,0.432,8.992116904020216,-7.342116904020216,7.342116904020216
Nemanja Bjelica,2019-20,SAC,6825000.0,6.25,bench,0,32.0,72,27.9,0.103,0.602,0.167,4.4,0.481,13.587637183748157,-7.337637183748157,7.337637183748157
Lance Stephenson,2021-22,TOT,1614825.0,1.44,bench,0,31.0,46,17.7,0.096,0.536,0.219,3.2,0.455,8.773583641551891,-7.333583641551892,7.333583641551892
Jerami Grant,2024-25,POR,29793104.0,21.19,star,0,31.0,47,32.4,0.07,0.523,0.192,4.6,0.373,13.86481743998002,7.3251825600199805,7.3251825600199805
Anthony Davis,2020-21,LAL,32742000.0,30.0,max,0,28.0,36,32.3,0.153,0.556,0.287,8.4,0.491,22.675396210202223,7.324603789797777,7.324603789797777
Marcus Morris,2017-18,BOS,5000000.0,5.05,bench,0,28.0,54,26.7,0.106,0.541,0.222,4.9,0.429,12.371202098168657,-7.321202098168658,7.321202098168658
Kawhi Leonard,2020-21,LAC,34379100.0,31.5,max,0,30.0,52,34.1,0.17,0.622,0.282,8.9,0.512,24.186398557234472,7.313601442765528,7.313601442765528
Alec Burks,2017-18,UTA,10845506.0,10.95,starter,0,26.0,64,16.5,0.101,0.527,0.221,2.7,0.411,3.64823728655566,7.301762713444339,7.301762713444339
Mark Williams,2023-24,CHO,3908160.0,2.87,bench,0,22.0,19,26.8,0.129,0.675,0.162,5.2,0.649,10.167381510550866,-7.297381510550866,7.297381510550866
Jaxson Hayes,2019-20,NOP,4862040.0,4.45,bench,0,20.0,64,16.9,0.096,0.689,0.146,2.7,0.672,-2.8473114062719107,7.297311406271911,7.297311406271911
Anthony Edwards,2023-24,MIN,13534817.0,9.95,starter,1,22.0,79,35.1,0.145,0.575,0.314,9.1,0.461,17.238008260038256,-7.288008260038257,7.288008260038257
Brandon Ingram,2023-24,NOP,33833400.0,24.87,star,0,26.0,64,32.9,0.126,0.578,0.269,7.8,0.492,17.585685895546654,7.2843141044533475,7.2843141044533475
Ben Simmons,2018-19,PHI,6434520.0,6.32,bench,1,22.0,79,34.2,0.145,0.582,0.215,6.8,0.563,13.599495377244724,-7.279495377244723,7.279495377244723
Mitchell Robinson,2022-23,NYK,17045454.0,13.78,starter,0,25.0,59,26.9,0.101,0.652,0.101,3.2,0.671,6.512058875462318,7.267941124537681,7.267941124537681
Andrew Wiggins,2016-17,MIN,6006600.0,6.38,bench,1,22.0,82,37.2,0.095,0.534,0.286,8.6,0.452,13.63744712084663,-7.2574471208466305,7.2574471208466305
Trevor Ariza,2017-18,HOU,7420912.0,7.49,bench,1,33.0,67,33.9,0.077,0.567,0.141,4.0,0.412,14.746035877106264,-7.256035877106264,7.256035877106264
Kris Dunn,2017-18,CHI,4046760.0,4.09,bench,0,24.0,52,29.3,0.095,0.488,0.245,5.5,0.429,11.339823782542043,-7.249823782542043,7.249823782542043
Dante Exum,2018-19,UTA,9100000.0,8.93,starter,0,23.0,42,15.8,0.082,0.516,0.207,2.4,0.419,1.6806955260769432,7.249304473923057,7.249304473923057
Tidjane Salaün,2024-25,CHO,7488720.0,5.33,bench,0,19.0,60,20.7,0.065,0.457,0.15,1.9,0.33,-1.90781526435424,7.23781526435424,7.23781526435424
Mason Plumlee,2024-25,PHO,2087519.0,1.48,bench,1,35.0,74,17.6,0.098,0.645,0.105,1.7,0.619,8.715340093494248,-7.235340093494248,7.235340093494248
Kyle Lowry,2020-21,TOR,30500000.0,27.95,max,0,35.0,46,34.8,0.115,0.593,0.209,5.7,0.436,20.718426474600932,7.231573525399067,7.231573525399067
Zach Randolph,2017-18,SAC,12307692.0,12.43,starter,0,36.0,59,25.6,0.122,0.529,0.27,6.1,0.473,19.655032326887937,-7.225032326887938,7.225032326887938
Rudy Gay,2021-22,UTA,5890000.0,5.24,bench,0,35.0,55,18.9,0.09,0.539,0.185,2.9,0.414,12.464391161708228,-7.224391161708228,7.224391161708228
Willy Hernangómez,2021-22,NOP,2327220.0,2.07,bench,0,28.0,50,16.8,0.131,0.582,0.211,3.4,0.52,9.27951247132299,-7.20951247132299,7.20951247132299
Draymond Green,2021-22,GSW,24026712.0,21.37,star,0,32.0,46,28.9,0.119,0.582,0.14,2.9,0.525,14.164811708266067,7.2051882917339345,7.2051882917339345
Bam Adebayo,2022-23,MIA,30351780.0,24.55,star,0,25.0,75,34.6,0.142,0.592,0.251,8.0,0.54,17.354654494554406,7.195345505445594,7.195345505445594
Alec Burks,2016-17,UTA,10154495.0,10.79,starter,0,25.0,42,15.5,0.087,0.501,0.212,2.4,0.399,3.6074610758833914,7.182538924116608,7.182538924116608
Brook Lopez,2016-17,BRK,21165675.0,22.48,star,0,29.0,75,29.6,0.124,0.578,0.286,7.4,0.474,15.301229293426923,7.1787707065730775,7.1787707065730775
Hassan Whiteside,2017-18,MIA,23775506.0,24.01,star,0,29.0,54,25.3,0.176,0.573,0.235,5.8,0.54,16.83830000649141,7.171699993508593,7.171699993508593
Jonathan Isaac,2025-26,ORL,15000000.0,9.7,starter,0,28.0,52,10.0,0.078,0.498,0.119,0.9,0.422,2.5334406924884925,7.166559307511507,7.166559307511507
Darius Garland,2022-23,CLE,8920795.0,7.21,bench,1,23.0,69,35.5,0.13,0.587,0.262,7.6,0.462,14.373382082609696,-7.163382082609696,7.163382082609696
Jett Howard,2024-25,ORL,5278320.0,3.75,bench,0,21.0,60,11.7,0.045,0.491,0.181,1.6,0.374,-3.412577445330424,7.162577445330424,7.162577445330424
Kyle Kuzma,2019-20,LAL,1974600.0,1.81,bench,1,24.0,61,25.0,0.085,0.531,0.221,4.8,0.436,8.967994170042985,-7.1579941700429845,7.1579941700429845
Markieff Morris,2020-21,LAL,1620564.0,1.48,bench,1,31.0,61,19.7,0.076,0.509,0.16,2.5,0.405,8.63119634057875,-7.15119634057875,7.15119634057875
Josh Giddey,2022-23,OKC,6287400.0,5.08,bench,0,20.0,76,31.1,0.131,0.533,0.239,7.1,0.482,12.228044264986286,-7.148044264986286,7.148044264986286
Domantas Sabonis,2025-26,SAC,42336000.0,27.38,max,0,30.0,19,29.7,0.131,0.59,0.223,6.3,0.543,20.23691294308421,7.143087056915789,7.143087056915789
Marcus Morris,2018-19,BOS,5375000.0,5.28,bench,1,29.0,75,27.9,0.099,0.568,0.203,5.0,0.447,12.422119676490716,-7.142119676490716,7.142119676490716
Kevin Porter,2021-22,HOU,1782621.0,1.59,bench,1,22.0,61,31.3,0.096,0.531,0.239,5.5,0.415,8.706319588640183,-7.116319588640183,7.116319588640183
Bradley Beal,2021-22,WAS,33724200.0,30.0,max,1,29.0,40,36.0,0.123,0.539,0.297,8.7,0.451,22.892292512520708,7.107707487479292,7.107707487479292
Rajon Rondo,2018-19,LAL,9000000.0,8.83,starter,0,33.0,46,29.8,0.099,0.473,0.172,3.8,0.405,15.93020460003276,-7.100204600032759,7.100204600032759
Gary Payton II,2025-26,GSW,2296274.0,1.48,bench,0,33.0,73,15.6,0.114,0.632,0.177,3.3,0.583,8.578610242182672,-7.098610242182671,7.098610242182671
LaMelo Ball,2024-25,CHO,35147000.0,25.0,star,0,23.0,47,32.0,0.127,0.536,0.342,8.6,0.405,17.912885118663443,7.087114881336557,7.087114881336557
Collin Sexton,2019-20,CLE,4764960.0,4.37,bench,0,21.0,65,33.0,0.095,0.56,0.264,7.9,0.472,11.438782863441283,-7.068782863441283,7.068782863441283
Damian Lillard,2017-18,POR,26153057.0,26.41,max,0,27.0,73,36.6,0.165,0.594,0.295,8.5,0.439,19.34160562702262,7.06839437297738,7.06839437297738
Ricky Rubio,2020-21,MIN,17000000.0,15.58,star,0,30.0,68,26.1,0.098,0.516,0.155,2.8,0.388,8.531264670596192,7.048735329403808,7.048735329403808
Robert Covington,2017-18,PHI,16698103.0,16.86,star,0,27.0,80,31.6,0.09,0.563,0.168,4.3,0.413,9.821320254042053,7.038679745957946,7.038679745957946
Peyton Watson,2025-26,DEN,4356476.0,2.82,bench,0,23.0,54,29.6,0.087,0.594,0.204,5.3,0.491,9.85796855604309,-7.03796855604309,7.03796855604309
Domantas Sabonis,2024-25,SAC,40500000.0,28.81,max,0,29.0,70,34.7,0.164,0.655,0.213,7.5,0.59,21.77775174947135,7.032248250528649,7.032248250528649
Devin Vassell,2025-26,SAS,27000000.0,17.46,star,0,25.0,67,30.5,0.087,0.574,0.176,4.9,0.437,10.42795610744922,7.0320438925507815,7.0320438925507815
Damian Lillard,2018-19,POR,27977689.0,27.46,max,0,28.0,80,35.5,0.155,0.588,0.281,8.5,0.444,20.428580267850172,7.031419732149828,7.031419732149828
Joe Ingles,2022-23,MIL,6479000.0,5.24,bench,1,35.0,46,22.7,0.076,0.616,0.122,2.3,0.435,12.250729216166219,-7.010729216166219,7.010729216166219
Cristiano Felicio,2017-18,CHI,7843500.0,7.92,bench,0,25.0,55,17.8,0.082,0.614,0.133,2.3,0.591,0.9137321807326162,7.006267819267384,7.006267819267384
Ajay Mitchell,2025-26,OKC,3000000.0,1.94,bench,0,23.0,57,25.8,0.116,0.585,0.21,5.0,0.485,8.943783350663375,-7.003783350663376,7.003783350663376
Neemias Queta,2025-26,BOS,2349578.0,1.52,bench,0,26.0,76,25.3,0.13,0.674,0.145,4.3,0.653,8.505644846812462,-6.985644846812463,6.985644846812463
Jaden Ivey,2024-25,DET,7977240.0,5.67,bench,1,23.0,30,29.9,0.099,0.569,0.256,6.3,0.46,12.65348164569194,-6.98348164569194,6.98348164569194
Eric Gordon,2024-25,PHI,3303771.0,2.35,bench,0,36.0,39,19.7,0.067,0.591,0.14,2.2,0.426,9.332642775028237,-6.982642775028237,6.982642775028237
Lauri Markkanen,2025-26,UTA,46394100.0,30.0,max,0,29.0,42,34.3,0.139,0.608,0.269,9.1,0.477,23.02027564905346,6.97972435094654,6.97972435094654
CJ McCollum,2018-19,POR,25759766.0,25.29,max,0,27.0,70,33.9,0.103,0.553,0.248,8.2,0.459,18.31478976581764,6.975210234182359,6.975210234182359
Tyus Jones,2024-25,PHO,2087519.0,1.48,bench,1,29.0,81,26.8,0.099,0.585,0.16,3.8,0.448,8.44078688745529,-6.96078688745529,6.96078688745529
José Calderón,2018-19,DET,2393887.0,2.35,bench,0,37.0,49,12.9,0.056,0.453,0.104,0.9,0.375,9.302940666203458,-6.9529406662034585,6.9529406662034585
Jeremy Lin,2018-19,TOT,13768063.0,13.52,starter,0,30.0,74,19.4,0.1,0.558,0.213,3.2,0.44,6.5711331475838035,6.948866852416196,6.948866852416196
Trey Murphy,2023-24,NOP,3359280.0,2.47,bench,1,24.0,57,29.7,0.11,0.612,0.182,4.8,0.443,9.41463807027809,-6.9446380702780885,6.9446380702780885
Damian Lillard,2016-17,POR,24328425.0,25.84,max,0,26.0,75,35.9,0.159,0.586,0.304,8.8,0.444,18.90492606596538,6.9350739340346195,6.9350739340346195
Cade Cunningham,2023-24,DET,11055360.0,8.13,starter,1,22.0,62,33.5,0.126,0.546,0.298,8.5,0.449,15.055395115847237,-6.925395115847236,6.925395115847236
Raymond Felton,2017-18,OKC,1471382.0,1.49,bench,1,34.0,82,16.6,0.101,0.494,0.21,2.7,0.406,8.410080485242265,-6.920080485242265,6.920080485242265
Kyle Kuzma,2020-21,LAL,3562178.0,3.26,bench,1,25.0,68,28.7,0.097,0.546,0.198,4.9,0.443,10.179216428577515,-6.919216428577515,6.919216428577515
DeMar DeRozan,2016-17,TOR,26540100.0,28.19,max,0,27.0,74,35.4,0.155,0.552,0.337,9.7,0.467,21.27885573356163,6.91114426643837,6.91114426643837
Anthony Davis,2025-26,WAS,54126450.0,35.0,max,0,33.0,20,31.3,0.151,0.551,0.272,8.5,0.506,28.09235448829416,6.907645511705841,6.907645511705841
Terrance Ferguson,2017-18,OKC,1785000.0,1.8,bench,0,20.0,61,12.5,0.028,0.545,0.104,1.1,0.414,-5.1059337307236055,6.905933730723605,6.905933730723605
Will Barton,2016-17,DEN,3533333.0,3.75,bench,0,26.0,60,28.4,0.102,0.547,0.207,4.9,0.443,10.650413596002155,-6.900413596002155,6.900413596002155
T.J. Warren,2016-17,PHO,2128920.0,2.26,bench,1,23.0,66,31.0,0.091,0.539,0.188,6.1,0.495,9.157973912199411,-6.8979739121994115,6.8979739121994115
Ben Simmons,2019-20,PHI,8113930.0,7.43,bench,1,23.0,57,35.4,0.142,0.602,0.206,6.6,0.58,14.32597942067805,-6.895979420678051,6.895979420678051
Rob Dillingham,2024-25,MIN,6262920.0,4.45,bench,0,20.0,49,10.5,0.078,0.503,0.215,1.9,0.441,-2.4323161456892306,6.882316145689231,6.882316145689231
Taurean Prince,2024-25,MIL,2087519.0,1.48,bench,1,31.0,80,27.1,0.064,0.613,0.123,2.9,0.457,8.360981074764066,-6.880981074764065,6.880981074764065
Paul George,2018-19,OKC,30560700.0,30.0,max,0,29.0,77,36.9,0.161,0.583,0.285,9.2,0.438,23.119524241114824,6.880475758885176,6.880475758885176
Al Horford,2021-22,BOS,27000000.0,24.02,star,0,36.0,69,29.1,0.123,0.574,0.147,3.9,0.467,17.146016226151215,6.873983773848785,6.873983773848785
Otto Porter,2021-22,GSW,2389641.0,2.13,bench,1,29.0,63,22.2,0.12,0.581,0.145,3.1,0.464,8.998136688072474,-6.868136688072474,6.868136688072474
Malik Beasley,2023-24,MIL,2019706.0,1.48,bench,1,27.0,79,29.6,0.065,0.603,0.142,4.1,0.443,8.346538915153703,-6.866538915153702,6.866538915153702
CJ McCollum,2017-18,POR,23962573.0,24.2,star,0,26.0,81,36.1,0.109,0.536,0.259,8.2,0.443,17.340913492734366,6.8590865072656335,6.8590865072656335
Dorian Finney-Smith,2021-22,DAL,4000000.0,3.56,bench,1,29.0,80,33.0,0.076,0.604,0.138,4.1,0.471,10.413524178432619,-6.853524178432618,6.853524178432618
Bobby Portis,2020-21,MIL,3623000.0,3.32,bench,0,26.0,66,20.8,0.133,0.598,0.202,4.7,0.523,10.173484641805135,-6.853484641805135,6.853484641805135
Bismack Biyombo,2021-22,PHO,1518213.0,1.35,bench,1,29.0,36,14.1,0.102,0.596,0.167,2.4,0.593,8.186834567592625,-6.836834567592625,6.836834567592625
Gerald Green,2018-19,HOU,2393887.0,2.35,bench,0,33.0,73,20.2,0.066,0.555,0.19,3.2,0.4,9.182929304118176,-6.832929304118176,6.832929304118176
Alec Burks,2024-25,MIA,2087519.0,1.48,bench,0,33.0,49,17.6,0.088,0.608,0.16,2.3,0.424,8.300356769787458,-6.820356769787457,6.820356769787457
Marcus Smart,2018-19,BOS,11660716.0,11.45,starter,0,25.0,80,27.5,0.079,0.568,0.144,3.0,0.422,4.633803443148894,6.816196556851105,6.816196556851105
DeMar DeRozan,2018-19,SAS,27739975.0,27.23,max,0,29.0,77,34.9,0.135,0.542,0.277,8.2,0.481,20.43712502464675,6.79287497535325,6.79287497535325
Anthony Davis,2021-22,LAL,35361360.0,31.46,max,0,29.0,40,35.1,0.159,0.578,0.263,9.3,0.532,24.675173169183935,6.7848268308160655,6.7848268308160655
Jaylen Brown,2016-17,BOS,4743000.0,5.04,bench,0,20.0,78,17.2,0.071,0.54,0.176,2.5,0.455,-1.7419207325736887,6.781920732573688,6.781920732573688
Richard Jefferson,2016-17,CLE,2500000.0,2.66,bench,1,37.0,79,20.4,0.053,0.574,0.121,1.9,0.446,9.428875575499188,-6.768875575499187,6.768875575499187
Kenrich Williams,2022-23,OKC,2000000.0,1.62,bench,1,28.0,53,22.8,0.096,0.585,0.134,3.4,0.517,8.382314569324048,-6.762314569324048,6.762314569324048
Fred VanVleet,2019-20,TOR,9346153.0,8.56,starter,1,26.0,54,35.7,0.116,0.553,0.218,5.9,0.413,15.321296600362421,-6.761296600362421,6.761296600362421
Anthony Edwards,2022-23,MIN,10733400.0,8.68,starter,1,21.0,79,36.0,0.125,0.564,0.292,8.9,0.459,15.440603215350286,-6.760603215350287,6.760603215350287
Torrey Craig,2023-24,CHI,2528233.0,1.86,bench,1,33.0,53,19.8,0.064,0.568,0.121,2.0,0.43,8.60372449867946,-6.74372449867946,6.74372449867946
Dario Šarić,2023-24,GSW,2019706.0,1.48,bench,1,30.0,64,17.2,0.111,0.6,0.19,2.8,0.466,8.219717512664488,-6.7397175126644875,6.7397175126644875
Giannis Antetokounmpo,2025-26,MIL,54126450.0,35.0,max,0,31.0,36,28.9,0.213,0.658,0.358,10.4,0.624,28.261551113549793,6.7384488864502075,6.7384488864502075
Ty Jerome,2024-25,CLE,2560975.0,1.82,bench,1,27.0,70,19.9,0.134,0.643,0.229,4.6,0.516,8.555486349473941,-6.735486349473941,6.735486349473941
Tari Eason,2024-25,HOU,3695160.0,2.63,bench,1,24.0,57,24.9,0.117,0.567,0.185,4.8,0.487,9.354024533005433,-6.724024533005433,6.724024533005433
Myles Turner,2020-21,IND,17500000.0,16.03,star,0,25.0,47,31.0,0.09,0.599,0.167,4.4,0.477,9.308202840647713,6.721797159352288,6.721797159352288
Rodney Hood,2016-17,UTA,1406520.0,1.49,bench,1,24.0,59,27.0,0.086,0.522,0.227,4.6,0.408,8.207486391839646,-6.717486391839646,6.717486391839646
Bobby Portis,2022-23,MIL,10843350.0,8.77,starter,0,28.0,70,26.0,0.138,0.575,0.211,5.7,0.496,15.475281722088253,-6.7052817220882535,6.7052817220882535
Avery Bradley,2016-17,BOS,8269663.0,8.78,starter,0,26.0,55,33.4,0.099,0.548,0.215,6.5,0.463,15.478037208828365,-6.6980372088283655,6.6980372088283655
James Harden,2016-17,HOU,26540100.0,28.19,max,0,27.0,81,36.4,0.19,0.613,0.333,8.3,0.44,21.49848438876353,6.691515611236472,6.691515611236472
Brandon Miller,2024-25,CHO,11424600.0,8.13,starter,0,22.0,27,34.2,0.1,0.54,0.27,7.3,0.403,14.820718964557583,-6.690718964557583,6.690718964557583
Jose Calderon,2017-18,CLE,1471382.0,1.49,bench,0,36.0,57,16.0,0.067,0.643,0.118,1.6,0.503,8.164015706488206,-6.6740157064882055,6.6740157064882055
Karl-Anthony Towns,2020-21,MIN,29467800.0,27.0,max,0,25.0,50,33.8,0.155,0.612,0.286,8.5,0.486,20.3297948560018,6.670205143998199,6.670205143998199
Karl-Anthony Towns,2023-24,MIN,36016200.0,26.48,max,1,28.0,62,32.7,0.14,0.625,0.268,7.7,0.504,19.810732051732504,6.669267948267496,6.669267948267496
Derrick Jones,2021-22,CHI,9720900.0,8.65,starter,0,25.0,51,17.6,0.069,0.633,0.119,2.1,0.538,1.9827591944239724,6.667240805576028,6.667240805576028
Tony Snell,2017-18,MIL,9821429.0,9.92,starter,0,26.0,75,27.4,0.051,0.578,0.105,2.5,0.435,3.271253710833157,6.6487462891668425,6.6487462891668425
Derrick Rose,2016-17,NYK,21323250.0,22.65,star,0,28.0,64,32.5,0.112,0.53,0.254,7.2,0.471,16.003939138802206,6.6460608611977925,6.6460608611977925
Joakim Noah,2016-17,NYK,17000000.0,18.06,star,0,32.0,46,22.1,0.094,0.491,0.124,2.2,0.49,11.416899099695843,6.643100900304155,6.643100900304155
Deandre Ayton,2023-24,POR,32459438.0,23.86,star,0,25.0,55,32.4,0.141,0.587,0.211,7.8,0.57,17.22003515306374,6.639964846936259,6.639964846936259
Anfernee Simons,2021-22,POR,3938818.0,3.5,bench,1,23.0,57,29.5,0.102,0.583,0.244,6.2,0.443,10.127057299454563,-6.627057299454563,6.627057299454563
Nic Claxton,2025-26,BRK,25352272.0,16.39,star,0,27.0,69,27.8,0.117,0.592,0.175,4.8,0.571,9.775278082715644,6.614721917284356,6.614721917284356
Max Strus,2022-23,MIA,1815677.0,1.47,bench,1,27.0,80,28.4,0.073,0.557,0.17,4.1,0.41,8.081732598897043,-6.611732598897043,6.611732598897043
Dillon Brooks,2023-24,HOU,22627671.0,16.64,star,0,28.0,72,30.9,0.056,0.549,0.176,4.6,0.428,10.036589230201226,6.603410769798774,6.603410769798774
De'Aaron Fox,2025-26,SAS,37096620.0,23.99,star,0,28.0,72,31.0,0.117,0.578,0.242,7.1,0.486,17.397422851357003,6.592577148642995,6.592577148642995
Donovan Mitchell,2025-26,CLE,46394100.0,30.0,max,0,29.0,70,33.5,0.152,0.613,0.311,9.7,0.483,23.4084721119626,6.591527888037401,6.591527888037401
Jeff Green,2017-18,CLE,2116955.0,2.14,bench,0,31.0,78,23.4,0.09,0.587,0.19,3.8,0.477,8.730191831515482,-6.590191831515481,6.590191831515481
Ish Smith,2023-24,CHO,2019706.0,1.48,bench,0,35.0,43,17.2,0.057,0.435,0.119,1.5,0.418,8.069835169595532,-6.589835169595531,6.589835169595531
Immanuel Quickley,2022-23,NYK,2316240.0,1.87,bench,1,24.0,81,28.9,0.118,0.578,0.203,5.2,0.448,8.45940080601909,-6.58940080601909,6.58940080601909
Aaron Gordon,2019-20,ORL,19863636.0,18.2,star,0,24.0,62,32.5,0.104,0.516,0.205,5.4,0.437,11.612408205577731,6.587591794422268,6.587591794422268
Monte Morris,2020-21,DEN,1723707.0,1.58,bench,1,26.0,47,25.5,0.092,0.574,0.161,4.0,0.481,8.16498452645829,-6.584984526458291,6.584984526458291
Meyers Leonard,2018-19,POR,10595506.0,10.4,starter,0,27.0,61,14.4,0.108,0.675,0.149,2.2,0.545,3.8203296300359213,6.579670369964079,6.579670369964079
Julius Randle,2018-19,NOP,8641000.0,8.48,starter,1,24.0,73,30.6,0.137,0.6,0.273,7.8,0.524,15.058626304155293,-6.578626304155293,6.578626304155293
Gary Harris,2016-17,DEN,1655880.0,1.76,bench,1,22.0,57,31.3,0.091,0.611,0.183,5.6,0.502,8.334230352378452,-6.574230352378452,6.574230352378452
Sam Merrill,2025-26,CLE,8482144.0,5.48,bench,0,30.0,52,26.5,0.081,0.644,0.167,4.3,0.461,12.028677615839115,-6.5486776158391145,6.5486776158391145
Terry Rozier,2024-25,MIA,24924126.0,17.73,star,0,31.0,64,25.9,0.078,0.497,0.195,3.9,0.391,11.197255127406024,6.532744872593977,6.532744872593977
Santi Aldama,2024-25,MEM,3960531.0,2.82,bench,1,24.0,65,25.5,0.121,0.588,0.179,4.8,0.483,9.346756380173078,-6.526756380173078,6.526756380173078
Reggie Bullock,2020-21,NYK,4200000.0,3.85,bench,1,30.0,65,30.0,0.074,0.606,0.14,3.8,0.442,10.36806123060488,-6.51806123060488,6.51806123060488
Taurean Prince,2019-20,BRK,3481986.0,3.19,bench,1,26.0,64,29.0,0.074,0.497,0.2,4.3,0.376,9.703566221253984,-6.513566221253985,6.513566221253985
Jaxson Hayes,2022-23,NOP,6803012.0,5.5,bench,0,23.0,47,13.0,0.09,0.605,0.149,1.8,0.551,-1.0085912986513113,6.508591298651311,6.508591298651311
Matt Barnes,2016-17,TOT,6508351.0,6.91,bench,0,37.0,74,24.0,0.081,0.514,0.155,2.5,0.391,13.403398039145854,-6.493398039145854,6.493398039145854
Keldon Johnson,2024-25,SAS,19000000.0,13.51,starter,0,25.0,77,23.9,0.103,0.572,0.207,4.8,0.482,7.0174013950810155,6.492598604918984,6.492598604918984
Willy Hernangómez,2020-21,NOP,1620564.0,1.48,bench,1,27.0,47,18.0,0.125,0.591,0.166,3.2,0.563,7.965655189004848,-6.485655189004849,6.485655189004849
Malik Beasley,2021-22,MIN,14391964.0,12.8,starter,0,25.0,79,25.0,0.081,0.544,0.189,4.2,0.391,6.3155896931520665,6.484410306847934,6.484410306847934
Mason Plumlee,2023-24,LAC,5000000.0,3.68,bench,0,34.0,46,14.7,0.108,0.621,0.147,1.9,0.569,10.160202793705562,-6.480202793705562,6.480202793705562
Dorian Finney-Smith,2020-21,DAL,4000000.0,3.67,bench,0,28.0,60,32.0,0.074,0.609,0.12,3.7,0.472,10.145392503236897,-6.475392503236897,6.475392503236897
John Collins,2023-24,UTA,25340000.0,18.63,star,0,26.0,68,28.0,0.111,0.621,0.199,5.8,0.532,12.154671446472307,6.475328553527692,6.475328553527692
Malik Beasley,2024-25,DET,6000000.0,4.27,bench,0,28.0,82,27.8,0.091,0.59,0.215,5.6,0.43,10.73591444870763,-6.465914448707631,6.465914448707631
Serge Ibaka,2020-21,LAC,9258000.0,8.48,starter,0,31.0,41,23.3,0.115,0.585,0.2,4.5,0.51,14.941509834256756,-6.461509834256756,6.461509834256756
John Collins,2025-26,LAC,26580000.0,17.19,star,0,28.0,69,27.1,0.098,0.643,0.188,5.3,0.552,10.737554555393686,6.452445444606315,6.452445444606315
Jonas Valančiūnas,2021-22,NOP,14000000.0,12.45,starter,0,30.0,74,30.3,0.153,0.617,0.238,6.9,0.544,18.89519248518461,-6.445192485184609,6.445192485184609
T.J. McConnell,2020-21,IND,3500000.0,3.21,bench,1,29.0,69,26.0,0.119,0.583,0.149,4.0,0.559,9.649167461896637,-6.439167461896637,6.439167461896637
Andrew Nembhard,2024-25,IND,2019699.0,1.44,bench,1,25.0,65,28.9,0.081,0.545,0.163,3.8,0.458,7.8750822590318625,-6.435082259031862,6.435082259031862
Tre Jones,2022-23,SAS,1782621.0,1.44,bench,1,23.0,68,29.2,0.111,0.534,0.189,5.0,0.459,7.872675477754677,-6.432675477754676,6.432675477754676
Pascal Siakam,2021-22,TOR,33003936.0,29.36,max,0,28.0,68,37.9,0.139,0.565,0.257,8.8,0.494,22.928036287669475,6.431963712330525,6.431963712330525
Saddiq Bey,2023-24,ATL,4556983.0,3.35,bench,1,25.0,63,32.7,0.079,0.549,0.163,4.6,0.416,9.780853284165186,-6.430853284165186,6.430853284165186
Robin Lopez,2018-19,CHI,14357750.0,14.09,starter,0,31.0,74,21.7,0.088,0.598,0.183,4.1,0.568,7.6593626392523175,6.430637360747682,6.430637360747682
DeMar DeRozan,2024-25,SAC,23400000.0,16.64,star,0,35.0,77,35.9,0.112,0.569,0.244,8.1,0.477,23.069913992883755,-6.429913992883755,6.429913992883755
DeMarre Carroll,2016-17,TOR,14200000.0,15.08,star,0,30.0,72,26.1,0.071,0.53,0.154,3.1,0.4,8.650466026446228,6.429533973553772,6.429533973553772
Isaac Okoro,2022-23,CLE,7040880.0,5.69,bench,1,22.0,76,21.7,0.06,0.614,0.117,2.3,0.494,-0.7312502307404373,6.421250230740438,6.421250230740438
Wesley Matthews,2016-17,DAL,17100000.0,18.16,star,0,30.0,73,34.2,0.081,0.533,0.193,4.6,0.393,11.741293009574518,6.418706990425482,6.418706990425482
Devin Booker,2021-22,PHO,31650600.0,28.16,max,0,25.0,68,34.5,0.137,0.576,0.313,9.7,0.466,21.754255549803226,6.405744450196774,6.405744450196774
Spencer Dinwiddie,2023-24,TOT,21911797.0,16.11,star,0,31.0,76,28.3,0.076,0.543,0.161,3.3,0.392,9.712404821635626,6.397595178364373,6.397595178364373
Kyshawn George,2025-26,WAS,2966760.0,1.92,bench,0,22.0,48,29.0,0.09,0.559,0.222,5.3,0.438,8.316261750356464,-6.396261750356464,6.396261750356464
Duncan Robinson,2019-20,MIA,1416852.0,1.3,bench,0,26.0,73,29.7,0.082,0.684,0.157,4.4,0.47,7.688384185978448,-6.388384185978448,6.388384185978448
Collin Sexton,2022-23,UTA,16500000.0,13.34,starter,0,24.0,48,23.9,0.097,0.616,0.23,4.9,0.506,6.954619716990478,6.385380283009522,6.385380283009522
Thabo Sefolosha,2016-17,ATL,3850000.0,4.09,bench,1,33.0,62,25.7,0.086,0.519,0.131,2.8,0.441,10.47037448413717,-6.380374484137171,6.380374484137171
Jamal Murray,2024-25,DEN,36016200.0,25.62,max,1,28.0,67,36.1,0.111,0.584,0.235,7.9,0.474,19.2479603343149,6.372039665685101,6.372039665685101
Mario Hezonja,2016-17,ORL,3909840.0,4.15,bench,0,22.0,65,14.8,0.059,0.45,0.187,1.8,0.355,-2.2202902168038565,6.370290216803857,6.370290216803857
Kevin Durant,2023-24,PHO,47649433.0,35.03,max,0,35.0,75,37.2,0.148,0.626,0.283,10.0,0.523,28.661101473946932,6.368898526053069,6.368898526053069
Moses Moody,2021-22,GSW,3562080.0,3.17,bench,0,20.0,52,11.7,0.069,0.573,0.148,1.5,0.437,-3.1971669353437733,6.367166935343773,6.367166935343773
Jae'Sean Tate,2021-22,HOU,1517981.0,1.35,bench,1,26.0,78,26.4,0.09,0.567,0.194,4.7,0.498,7.716875031121194,-6.366875031121195,6.366875031121195
Kevin Love,2017-18,CLE,22642350.0,22.86,star,0,29.0,59,28.0,0.15,0.614,0.248,5.7,0.458,16.500244679235998,6.359755320764002,6.359755320764002
Jase Richardson,2025-26,ORL,2983320.0,1.93,bench,0,20.0,54,10.9,0.074,0.574,0.162,1.6,0.473,-4.423618964728081,6.3536189647280805,6.3536189647280805
Justise Winslow,2022-23,POR,4097561.0,3.31,bench,0,27.0,29,26.8,0.063,0.466,0.139,2.8,0.409,9.641360180920337,-6.331360180920337,6.331360180920337
Ish Smith,2019-20,WAS,6000000.0,5.5,bench,0,31.0,68,26.3,0.1,0.509,0.186,4.5,0.447,11.81015894345208,-6.31015894345208,6.31015894345208
Josh Richardson,2017-18,MIA,1471382.0,1.49,bench,1,24.0,81,33.2,0.086,0.551,0.176,4.9,0.451,7.790493359421382,-6.300493359421382,6.300493359421382
Payton Pritchard,2024-25,BOS,6696429.0,4.76,bench,0,27.0,80,28.4,0.116,0.633,0.186,5.1,0.472,11.04926202845495,-6.289262028454949,6.289262028454949
Mike Muscala,2020-21,OKC,2283034.0,2.09,bench,1,29.0,35,18.4,0.112,0.599,0.194,3.4,0.446,8.371727328273533,-6.281727328273533,6.281727328273533
Nikola Jokić,2023-24,DEN,47607350.0,35.0,max,0,29.0,79,34.6,0.211,0.65,0.288,10.4,0.583,28.72320576572299,6.276794234277009,6.276794234277009
Amir Johnson,2016-17,BOS,12000000.0,12.75,starter,0,30.0,80,20.1,0.091,0.628,0.136,2.7,0.576,6.475787815491164,6.274212184508836,6.274212184508836
Shake Milton,2020-21,PHI,1701593.0,1.56,bench,0,24.0,63,23.2,0.101,0.549,0.239,4.8,0.45,7.834057050058251,-6.274057050058252,6.274057050058252
T.J. Warren,2019-20,IND,10810000.0,9.9,starter,0,26.0,67,32.9,0.113,0.61,0.229,8.0,0.536,16.171782059765945,-6.271782059765945,6.271782059765945
Frank Kaminsky,2020-21,PHO,1620564.0,1.48,bench,1,28.0,47,15.2,0.106,0.547,0.185,2.6,0.471,7.75164043135447,-6.27164043135447,6.27164043135447
Kevin Durant,2021-22,BRK,40918900.0,36.4,max,0,33.0,55,37.2,0.18,0.634,0.31,10.5,0.518,30.135626488839925,6.264373511160073,6.264373511160073
Kris Dunn,2018-19,CHI,4221000.0,4.14,bench,1,25.0,46,30.2,0.084,0.484,0.198,4.7,0.425,10.402197178976374,-6.262197178976375,6.262197178976375
Gary Trent,2023-24,TOR,18560000.0,13.64,starter,0,25.0,71,28.1,0.077,0.548,0.195,5.1,0.426,7.378932761536548,6.261067238463452,6.261067238463452
Dejounte Murray,2023-24,ATL,18214000.0,13.39,starter,1,27.0,78,35.7,0.122,0.555,0.259,8.6,0.459,19.65046444708362,-6.260464447083621,6.260464447083621
Moses Moody,2022-23,GSW,3740160.0,3.02,bench,0,21.0,63,13.0,0.07,0.603,0.141,1.7,0.476,-3.2393478112078036,6.259347811207803,6.259347811207803
Zaza Pachulia,2017-18,GSW,3477600.0,3.51,bench,0,34.0,69,14.1,0.106,0.612,0.165,2.2,0.564,9.763772824039485,-6.253772824039485,6.253772824039485
Kentavious Caldwell-Pope,2018-19,LAL,12000000.0,11.78,starter,0,26.0,82,24.8,0.083,0.568,0.175,4.0,0.43,5.538584955646002,6.241415044353998,6.241415044353998
Josh Okogie,2021-22,MIN,4087904.0,3.64,bench,0,23.0,49,10.5,0.048,0.526,0.115,0.9,0.404,-2.598993300946419,6.238993300946419,6.238993300946419
Toumani Camara,2024-25,POR,1891857.0,1.35,bench,0,25.0,78,32.7,0.076,0.572,0.143,4.2,0.458,7.587226259895691,-6.2372262598956905,6.2372262598956905
Kevin Durant,2018-19,GSW,30000000.0,29.45,max,1,30.0,78,34.6,0.162,0.631,0.283,9.2,0.521,23.21471209874657,6.235287901253429,6.235287901253429
Myles Turner,2025-26,MIL,25318251.0,16.37,star,0,30.0,71,26.9,0.086,0.584,0.181,4.0,0.44,10.139623459649796,6.230376540350205,6.230376540350205
Dejounte Murray,2021-22,SAS,15428880.0,13.73,starter,0,25.0,68,34.8,0.163,0.533,0.268,8.4,0.462,19.958431290130513,-6.228431290130512,6.228431290130512
Rondae Hollis-Jefferson,2017-18,BRK,1471382.0,1.49,bench,1,23.0,68,28.2,0.119,0.548,0.217,5.0,0.472,7.7028086038275125,-6.212808603827512,6.212808603827512
Bam Adebayo,2025-26,MIA,37096620.0,23.99,star,0,28.0,73,32.4,0.138,0.551,0.248,6.9,0.442,17.77841236906935,6.211587630930648,6.211587630930648
Ricky Rubio,2016-17,MIN,13550000.0,14.39,starter,0,26.0,75,32.9,0.114,0.539,0.171,3.5,0.402,8.179278966830026,6.210721033169975,6.210721033169975
Jared Dudley,2017-18,PHO,10000000.0,10.1,starter,0,32.0,48,14.3,0.062,0.553,0.102,1.0,0.393,3.8908888216170707,6.209111178382929,6.209111178382929
Aaron Gordon,2017-18,ORL,5504420.0,5.56,bench,1,22.0,58,32.9,0.113,0.53,0.238,6.5,0.434,11.764886049887537,-6.204886049887537,6.204886049887537
Josh Christopher,2022-23,HOU,2372160.0,1.92,bench,0,21.0,64,12.3,0.073,0.523,0.215,2.4,0.465,-4.284593437567793,6.204593437567793,6.204593437567793
Walker Kessler,2024-25,UTA,2965920.0,2.11,bench,1,23.0,58,30.0,0.127,0.66,0.133,4.8,0.663,8.305826018369164,-6.195826018369164,6.195826018369164
Ben Simmons,2017-18,PHI,6168840.0,6.23,bench,0,21.0,81,33.7,0.154,0.557,0.219,6.7,0.545,12.425187795527544,-6.195187795527543,6.195187795527543
Derrick Favors,2018-19,UTA,16000000.0,15.71,star,0,27.0,76,23.2,0.142,0.624,0.188,4.8,0.586,9.51670723723075,6.19329276276925,6.19329276276925
Kevin Knox,2019-20,NYK,4380120.0,4.01,bench,0,20.0,65,17.9,0.056,0.47,0.172,2.2,0.359,-2.1630930306225102,6.1730930306225105,6.1730930306225105
Kelly Oubre,2022-23,CHO,12600000.0,10.19,starter,0,27.0,48,32.2,0.094,0.534,0.257,7.4,0.431,16.35234501382553,-6.162345013825531,6.162345013825531
Richaun Holmes,2019-20,SAC,4767000.0,4.37,bench,0,26.0,44,28.2,0.115,0.681,0.156,5.1,0.648,10.527449699493772,-6.157449699493772,6.157449699493772
CJ McCollum,2022-23,NOP,33333333.0,26.96,max,0,31.0,75,35.3,0.11,0.541,0.26,7.8,0.437,20.80474679098803,6.1552532090119705,6.1552532090119705
Jose Alvarado,2024-25,NOP,1988598.0,1.41,bench,1,27.0,56,24.4,0.09,0.523,0.193,3.6,0.392,7.564361737396287,-6.154361737396287,6.154361737396287
Norman Powell,2024-25,LAC,19241379.0,13.69,starter,0,32.0,60,32.6,0.11,0.615,0.255,7.6,0.484,19.844311043556637,-6.154311043556637,6.154311043556637
Taj Gibson,2021-22,NYK,4910000.0,4.37,bench,0,37.0,52,18.2,0.069,0.606,0.099,1.7,0.518,10.512887934975495,-6.142887934975495,6.142887934975495
Landry Shamet,2025-26,NYK,2296274.0,1.48,bench,0,29.0,51,23.0,0.07,0.598,0.151,3.1,0.437,7.609355916466648,-6.129355916466649,6.129355916466649
Gorgui Dieng,2016-17,MIN,2348783.0,2.49,bench,1,27.0,82,32.4,0.092,0.555,0.14,4.0,0.502,8.617639667181784,-6.127639667181784,6.127639667181784
Alec Burks,2020-21,NYK,6000000.0,5.5,bench,1,29.0,49,25.6,0.115,0.564,0.208,4.3,0.42,11.624171559878777,-6.124171559878777,6.124171559878777
Derrick Jones,2020-21,POR,9258000.0,8.48,starter,0,24.0,58,22.7,0.058,0.576,0.122,2.5,0.484,2.365916899212118,6.114083100787882,6.114083100787882
Thabo Sefolosha,2017-18,UTA,5250000.0,5.3,bench,0,34.0,38,21.2,0.114,0.591,0.162,3.1,0.492,11.409957681002863,-6.1099576810028635,6.1099576810028635
Dragan Bender,2017-18,PHO,4468800.0,4.51,bench,0,20.0,82,25.2,0.058,0.524,0.125,2.3,0.386,-1.5890078013413176,6.099007801341317,6.099007801341317
Jordan Goodwin,2025-26,PHO,2349578.0,1.52,bench,0,27.0,70,22.5,0.098,0.525,0.167,3.3,0.413,7.61832490468446,-6.0983249046844605,6.0983249046844605
Rudy Gay,2018-19,SAS,10087200.0,9.9,starter,1,32.0,69,26.7,0.128,0.583,0.216,5.4,0.504,15.987101540268323,-6.087101540268323,6.087101540268323
Andrew Wiggins,2023-24,GSW,24330357.0,17.89,star,0,29.0,71,27.0,0.078,0.544,0.206,5.0,0.453,11.812784624363097,6.077215375636904,6.077215375636904
Milos Teodosic,2017-18,LAC,6000000.0,6.06,bench,0,31.0,45,25.2,0.079,0.564,0.178,3.4,0.419,12.130782946029335,-6.070782946029335,6.070782946029335
Tyler Herro,2020-21,MIA,3822240.0,3.5,bench,0,21.0,54,30.3,0.108,0.543,0.225,5.7,0.439,9.570421509884794,-6.070421509884794,6.070421509884794
Isaiah Hartenstein,2024-25,OKC,30000000.0,21.34,star,0,27.0,57,27.9,0.138,0.599,0.165,4.9,0.581,15.271518111781484,6.068481888218516,6.068481888218516
Obi Toppin,2020-21,NYK,4862040.0,4.45,bench,0,23.0,62,11.0,0.093,0.574,0.157,1.7,0.498,-1.6173075090707913,6.067307509070791,6.067307509070791
Joel Embiid,2019-20,PHI,27504630.0,25.2,max,0,26.0,51,29.5,0.194,0.59,0.315,7.5,0.477,19.132730601261834,6.067269398738166,6.067269398738166
Brandon Ingram,2018-19,LAL,5757120.0,5.65,bench,1,21.0,52,33.9,0.092,0.555,0.227,7.0,0.497,11.714001246445545,-6.064001246445544,6.064001246445544
Zaza Pachulia,2018-19,DET,2393887.0,2.35,bench,0,35.0,68,12.9,0.088,0.539,0.147,1.3,0.44,8.407436554893895,-6.057436554893895,6.057436554893895
Hassan Whiteside,2019-20,POR,27093018.0,24.82,star,0,31.0,67,30.0,0.159,0.644,0.192,6.5,0.621,18.762855715927476,6.057144284072525,6.057144284072525
Norman Powell,2025-26,MIA,20482758.0,13.24,starter,0,33.0,58,29.6,0.113,0.609,0.262,7.3,0.47,19.29634310654534,-6.05634310654534,6.05634310654534
Brandon Ingram,2025-26,TOR,38095238.0,24.63,star,0,28.0,77,33.8,0.121,0.573,0.264,8.0,0.477,18.57589762635984,6.054102373640159,6.054102373640159
JT Thor,2022-23,CHO,1563518.0,1.26,bench,0,20.0,69,14.0,0.051,0.506,0.13,1.4,0.399,-4.7904309405544865,6.050430940554486,6.050430940554486
Jrue Holiday,2021-22,MIL,30133333.0,26.81,max,0,32.0,67,32.9,0.126,0.593,0.231,7.1,0.501,20.761750279046712,6.048249720953287,6.048249720953287
Jaylon Tyson,2025-26,CLE,3492480.0,2.26,bench,0,23.0,66,26.9,0.092,0.608,0.189,5.0,0.493,8.307967372692245,-6.047967372692245,6.047967372692245
Shaedon Sharpe,2024-25,POR,6614160.0,4.7,bench,1,22.0,72,31.3,0.102,0.551,0.25,6.9,0.452,10.747195565520395,-6.047195565520394,6.047195565520394
Draymond Green,2018-19,GSW,17469565.0,17.15,star,0,29.0,66,31.3,0.098,0.526,0.128,2.8,0.445,11.104035578108654,6.045964421891345,6.045964421891345
Cole Anthony,2021-22,ORL,3449400.0,3.07,bench,0,22.0,65,31.7,0.106,0.519,0.245,5.5,0.391,9.114199668865847,-6.044199668865847,6.044199668865847
Tyler Zeller,2016-17,BOS,8000000.0,8.5,starter,0,27.0,51,10.3,0.085,0.508,0.159,1.5,0.494,2.471240347559566,6.028759652440434,6.028759652440434
Patty Mills,2021-22,BRK,5890000.0,5.24,bench,0,33.0,81,29.0,0.066,0.563,0.16,4.0,0.408,11.265889495123746,-6.025889495123746,6.025889495123746
Kevin Love,2018-19,CLE,24119025.0,23.68,star,0,30.0,22,27.2,0.148,0.561,0.259,5.0,0.385,17.654388444395902,6.0256115556040974,6.0256115556040974
Josh Hart,2020-21,NOP,3491159.0,3.2,bench,1,26.0,47,28.7,0.1,0.566,0.133,3.2,0.439,9.218407493710954,-6.018407493710954,6.018407493710954
Sean Kilpatrick,2016-17,BRK,980431.0,1.04,bench,1,27.0,70,25.1,0.099,0.546,0.232,4.4,0.415,7.051168069018018,-6.011168069018018,6.011168069018018
Austin Reaves,2024-25,LAL,12976362.0,9.23,starter,0,27.0,73,34.9,0.118,0.616,0.23,6.5,0.46,15.240101782592493,-6.010101782592493,6.010101782592493
Mike Conley,2024-25,MIN,9975962.0,7.1,bench,0,37.0,71,24.7,0.092,0.573,0.141,2.6,0.4,13.109334543441719,-6.009334543441719,6.009334543441719
Marcus Morris,2016-17,DET,4625000.0,4.91,bench,0,27.0,79,32.5,0.08,0.508,0.201,5.3,0.418,10.918497400140112,-6.0084974001401115,6.0084974001401115
Tony Snell,2020-21,ATL,12178571.0,11.16,starter,0,29.0,47,21.1,0.06,0.708,0.084,1.9,0.515,5.1549321598740825,6.005067840125918,6.005067840125918
Dāvis Bertāns,2020-21,WAS,15000000.0,13.74,starter,0,28.0,57,25.7,0.069,0.62,0.148,3.4,0.404,7.741891239808584,5.998108760191416,5.998108760191416
Pascal Siakam,2025-26,IND,45550512.0,29.45,max,0,32.0,62,33.2,0.13,0.562,0.292,9.0,0.484,23.45440773695025,5.995592263049748,5.995592263049748
Jonathan Kuminga,2021-22,GSW,5466360.0,4.86,bench,0,19.0,70,16.9,0.098,0.6,0.227,3.4,0.513,-1.1351931943269953,5.995193194326996,5.995193194326996
Jaxson Hayes,2020-21,NOP,5105160.0,4.68,bench,0,21.0,60,16.1,0.123,0.675,0.156,2.9,0.625,-1.3050616201368885,5.9850616201368885,5.9850616201368885
Paolo Banchero,2023-24,ORL,11608080.0,8.53,starter,0,21.0,80,35.0,0.135,0.546,0.292,8.0,0.455,14.513050791881415,-5.983050791881416,5.983050791881416
Jordan Clarkson,2024-25,UTA,14092577.0,10.02,starter,0,33.0,37,26.0,0.102,0.54,0.269,5.4,0.408,15.997201753975416,-5.977201753975416,5.977201753975416
Cody Williams,2024-25,UTA,5469120.0,3.89,bench,0,20.0,50,21.2,0.021,0.419,0.122,1.7,0.323,-2.0866005965015257,5.976600596501526,5.976600596501526
Dwight Howard,2017-18,CHO,23500000.0,23.73,star,0,32.0,81,30.4,0.136,0.577,0.238,6.2,0.555,17.755905972137736,5.9740940278622645,5.9740940278622645
Jonas Jerebko,2018-19,GSW,2165481.0,2.13,bench,0,32.0,73,16.7,0.092,0.588,0.144,2.2,0.459,8.091162579500766,-5.961162579500766,5.961162579500766
Malik Monk,2017-18,CHO,2904480.0,2.93,bench,0,20.0,63,13.5,0.063,0.477,0.241,2.4,0.36,-3.027591625527825,5.957591625527825,5.957591625527825
Kawhi Leonard,2019-20,LAC,32742000.0,30.0,max,0,29.0,57,32.4,0.191,0.589,0.327,9.3,0.47,24.047099729059333,5.952900270940667,5.952900270940667
Arron Afflalo,2016-17,SAC,12500000.0,13.28,starter,0,31.0,61,25.9,0.058,0.559,0.143,3.0,0.44,7.33573350329515,5.9442664967048495,5.9442664967048495
Precious Achiuwa,2025-26,SAC,2111516.0,1.37,bench,0,26.0,73,23.9,0.102,0.558,0.172,4.3,0.528,7.308552625470548,-5.938552625470548,5.938552625470548
Wayne Ellington,2021-22,LAL,2641691.0,2.35,bench,0,34.0,43,18.8,0.064,0.593,0.135,2.3,0.414,8.27501905130096,-5.925019051300961,5.925019051300961
Nikola Jokić,2018-19,DEN,24605181.0,24.15,star,0,24.0,80,31.3,0.188,0.589,0.271,7.7,0.511,18.237283150368494,5.912716849631504,5.912716849631504
Harrison Barnes,2021-22,SAC,20284091.0,18.04,star,0,30.0,77,33.6,0.105,0.623,0.184,5.1,0.469,12.129664674869035,5.910335325130964,5.910335325130964
Bobby Portis,2017-18,CHI,1516320.0,1.53,bench,1,23.0,73,22.5,0.133,0.548,0.25,5.2,0.471,7.427683005069246,-5.897683005069246,5.897683005069246
Jaren Jackson,2023-24,MEM,27102202.0,19.93,star,0,24.0,66,32.2,0.111,0.553,0.302,7.8,0.444,14.035015676221947,5.894984323778052,5.894984323778052
T.J. McConnell,2025-26,IND,10200000.0,6.6,bench,0,34.0,56,17.2,0.15,0.567,0.227,4.3,0.538,12.486993334267897,-5.886993334267897,5.886993334267897
T.J. McConnell,2023-24,IND,8700000.0,6.4,bench,0,32.0,71,18.2,0.152,0.586,0.229,4.6,0.556,12.281698186761028,-5.881698186761028,5.881698186761028
Cory Joseph,2019-20,SAC,12000000.0,11.0,starter,0,28.0,72,24.4,0.07,0.517,0.127,2.4,0.415,5.120562938762797,5.879437061237203,5.879437061237203
Dwight Powell,2017-18,DAL,9003125.0,9.09,starter,0,26.0,79,21.2,0.119,0.656,0.151,3.2,0.593,3.21530843753538,5.874691562464619,5.874691562464619
Miles McBride,2025-26,NYK,4333333.0,2.8,bench,0,25.0,41,26.3,0.085,0.578,0.174,4.2,0.423,8.672837708152619,-5.872837708152619,5.872837708152619
Steven Adams,2021-22,MEM,17073171.0,15.19,star,0,28.0,76,26.3,0.108,0.56,0.118,2.8,0.547,9.33207098935609,5.857929010643909,5.857929010643909
Damian Lillard,2020-21,POR,31626953.0,28.98,max,1,30.0,67,35.8,0.158,0.623,0.306,9.0,0.451,23.13610371797774,5.843896282022261,5.843896282022261
Sandro Mamukelashvili,2025-26,TOR,2461463.0,1.59,bench,0,27.0,80,21.9,0.123,0.637,0.181,4.1,0.523,7.433833489596235,-5.843833489596235,5.843833489596235
Bam Adebayo,2023-24,MIA,32600060.0,23.97,star,0,26.0,71,34.0,0.152,0.576,0.247,7.5,0.521,18.129449484872097,5.840550515127902,5.840550515127902
Christian Wood,2020-21,HOU,13015874.0,11.93,starter,0,25.0,41,32.3,0.139,0.591,0.255,8.0,0.514,17.755237394035415,-5.825237394035415,5.825237394035415
Justin Holiday,2023-24,DEN,2019706.0,1.48,bench,0,35.0,58,14.9,0.059,0.598,0.104,1.5,0.454,7.304768783484324,-5.824768783484323,5.824768783484323
Jalen Suggs,2024-25,ORL,9188385.0,6.54,bench,1,24.0,35,28.6,0.107,0.536,0.268,5.6,0.41,12.363161926689177,-5.823161926689177,5.823161926689177
Lauri Markkanen,2022-23,UTA,16475454.0,13.32,starter,0,26.0,66,34.4,0.154,0.64,0.259,8.7,0.499,19.136632658863164,-5.816632658863163,5.816632658863163
Kyle Lowry,2022-23,MIA,28333334.0,22.91,star,0,37.0,55,31.2,0.089,0.565,0.162,3.6,0.404,17.09369549203493,5.8163045079650715,5.8163045079650715
Dyson Daniels,2024-25,ATL,6059520.0,4.31,bench,1,22.0,76,33.8,0.099,0.545,0.178,6.0,0.493,10.124262593712462,-5.814262593712463,5.814262593712463
Mikal Bridges,2021-22,PHO,5557725.0,4.94,bench,1,25.0,82,34.8,0.091,0.627,0.149,5.6,0.534,10.752019429299907,-5.812019429299906,5.812019429299906
Duncan Robinson,2021-22,MIA,15560000.0,13.84,starter,0,28.0,79,25.9,0.067,0.573,0.174,3.7,0.399,8.032562968324934,5.807437031675066,5.807437031675066
Justise Winslow,2016-17,MIA,2593440.0,2.75,bench,0,21.0,18,34.7,0.059,0.399,0.198,4.4,0.356,8.552312126212525,-5.8023121262125255,5.8023121262125255
Wesley Matthews,2017-18,DAL,17884176.0,18.06,star,0,31.0,63,33.8,0.071,0.541,0.173,4.5,0.406,12.25922541392618,5.800774586073819,5.800774586073819
Kristaps Porzingis,2016-17,NYK,4317720.0,4.59,bench,0,21.0,66,32.8,0.106,0.546,0.24,6.7,0.45,10.388096458355019,-5.798096458355019,5.798096458355019
David Nwaba,2020-21,HOU,1824003.0,1.67,bench,1,28.0,30,22.6,0.089,0.557,0.163,3.5,0.486,7.4621961068232086,-5.792196106823209,5.792196106823209
Frank Ntilikina,2017-18,NYK,3501120.0,3.54,bench,0,19.0,78,21.9,0.048,0.437,0.166,2.3,0.364,-2.2455063390014054,5.785506339001405,5.785506339001405
Dillon Brooks,2021-22,MEM,12200000.0,10.85,starter,0,26.0,32,27.7,0.091,0.515,0.283,7.1,0.432,16.633743174863838,-5.783743174863838,5.783743174863838
Justin Holiday,2020-21,IND,5720400.0,5.24,bench,0,32.0,72,30.3,0.065,0.571,0.138,3.6,0.413,11.020688916025899,-5.780688916025898,5.780688916025898
Ty Lawson,2016-17,SAC,1315448.0,1.4,bench,0,29.0,69,25.1,0.106,0.551,0.19,3.4,0.454,7.178715850463036,-5.778715850463037,5.778715850463037
JaMychal Green,2016-17,MEM,980431.0,1.04,bench,1,27.0,77,27.3,0.093,0.601,0.144,3.2,0.5,6.807013315776411,-5.767013315776411,5.767013315776411
Danilo Gallinari,2021-22,ATL,20475000.0,18.21,star,0,33.0,66,25.3,0.099,0.579,0.182,3.9,0.434,12.453331651905746,5.756668348094255,5.756668348094255
Zaccharie Risacher,2025-26,ATL,13197720.0,8.53,starter,0,21.0,67,22.4,0.07,0.557,0.168,3.6,0.455,2.785854677817873,5.744145322182126,5.744145322182126
Sekou Doumbouya,2020-21,DET,3449400.0,3.16,bench,0,20.0,56,15.5,0.045,0.459,0.176,1.9,0.379,-2.5829454720375105,5.74294547203751,5.74294547203751
Kent Bazemore,2020-21,GSW,1620564.0,1.48,bench,1,31.0,67,19.9,0.075,0.564,0.159,2.6,0.449,7.216081178539224,-5.736081178539225,5.736081178539225
Danilo Gallinari,2017-18,LAC,20559599.0,20.76,star,0,29.0,21,32.0,0.103,0.545,0.205,4.9,0.398,15.027202695852198,5.7327973041478035,5.7327973041478035
Ish Smith,2020-21,WAS,6000000.0,5.5,bench,0,32.0,44,21.0,0.093,0.473,0.155,2.9,0.434,11.232769915847841,-5.732769915847841,5.732769915847841
Saddiq Bey,2021-22,DET,2824320.0,2.51,bench,0,23.0,82,33.0,0.1,0.529,0.209,5.5,0.396,8.238072728519512,-5.728072728519512,5.728072728519512
Keegan Murray,2025-26,SAC,11144093.0,7.21,bench,0,25.0,23,34.5,0.078,0.499,0.182,5.5,0.42,12.935978909244623,-5.725978909244623,5.725978909244623
Dalen Terry,2024-25,CHI,3510480.0,2.5,bench,1,22.0,73,13.5,0.056,0.546,0.142,1.6,0.448,-3.2249869589708116,5.724986958970812,5.724986958970812
Anthony Tolliver,2019-20,TOT,2854556.0,2.62,bench,0,35.0,55,15.9,0.049,0.513,0.108,1.2,0.357,8.340726505948885,-5.7207265059488845,5.7207265059488845
Matisse Thybulle,2023-24,POR,10500000.0,7.72,bench,0,27.0,65,22.9,0.061,0.537,0.105,1.9,0.397,2.0089343559028716,5.711065644097128,5.711065644097128
Marvin Williams,2019-20,TOT,15006250.0,13.75,starter,0,34.0,58,19.5,0.074,0.587,0.12,2.1,0.446,8.039566986470264,5.710433013529736,5.710433013529736
Harrison Barnes,2020-21,SAC,22215909.0,20.36,star,0,29.0,58,36.2,0.107,0.626,0.169,5.5,0.497,14.663144705081463,5.696855294918537,5.696855294918537
Draymond Green,2019-20,GSW,18539130.0,16.99,star,0,30.0,43,28.4,0.1,0.489,0.156,2.9,0.389,11.299251004286011,5.690748995713987,5.690748995713987
Nikola Jokić,2019-20,DEN,26573595.0,24.35,star,0,25.0,73,32.0,0.179,0.605,0.266,7.7,0.528,18.659595233788796,5.690404766211206,5.690404766211206
Tristan Thompson,2023-24,CLE,2019706.0,1.48,bench,0,33.0,49,11.2,0.091,0.567,0.132,1.5,0.613,7.169893281955626,-5.6898932819556265,5.6898932819556265
Bryce McGowens,2023-24,CHO,1719864.0,1.26,bench,0,21.0,59,14.9,0.06,0.565,0.147,1.7,0.439,-4.427096787390474,5.687096787390474,5.687096787390474
Ersan Ilyasova,2017-18,TOT,5791736.0,5.85,bench,0,31.0,69,25.1,0.099,0.558,0.183,4.0,0.452,11.536552246376196,-5.686552246376197,5.686552246376197
Hassan Whiteside,2016-17,MIA,22116750.0,23.49,star,0,28.0,77,32.6,0.163,0.579,0.223,7.0,0.557,17.80694264915074,5.683057350849257,5.683057350849257
Dejounte Murray,2019-20,SAS,2321735.0,2.13,bench,1,23.0,66,25.6,0.111,0.524,0.207,4.5,0.462,7.809214883567195,-5.679214883567195,5.679214883567195
Chris Duarte,2021-22,IND,3749520.0,3.34,bench,0,25.0,55,28.0,0.089,0.537,0.207,4.9,0.432,9.004638988742315,-5.664638988742315,5.664638988742315
Devin Harris,2018-19,DAL,2393887.0,2.35,bench,0,36.0,68,15.7,0.065,0.527,0.18,1.9,0.38,8.013407189784571,-5.6634071897845715,5.6634071897845715
Jae'Sean Tate,2020-21,HOU,1445967.0,1.32,bench,0,25.0,70,29.2,0.083,0.576,0.161,4.5,0.506,6.9815120184650645,-5.661512018465064,5.661512018465064
Bradley Beal,2018-19,WAS,25434262.0,24.97,star,0,26.0,82,36.9,0.128,0.581,0.278,9.3,0.475,19.309664980472984,5.660335019527015,5.660335019527015
Terrence Jones,2016-17,TOT,1287418.0,1.37,bench,0,25.0,54,23.5,0.11,0.515,0.209,4.3,0.47,7.02984389791847,-5.65984389791847,5.65984389791847
Ricky Rubio,2022-23,CLE,5853659.0,4.73,bench,0,32.0,33,17.2,0.084,0.442,0.172,1.8,0.343,10.387654977948731,-5.657654977948731,5.657654977948731
Bruce Brown,2025-26,DEN,2296274.0,1.48,bench,0,29.0,82,24.4,0.069,0.562,0.142,3.0,0.475,7.126039946959481,-5.6460399469594815,5.6460399469594815
Danilo Gallinari,2018-19,LAC,21587579.0,21.19,star,0,30.0,68,30.3,0.143,0.633,0.237,6.0,0.463,15.543979114736619,5.646020885263383,5.646020885263383
Naji Marshall,2025-26,DAL,9000000.0,5.82,bench,0,28.0,74,29.5,0.106,0.592,0.2,5.7,0.51,11.459681394800382,-5.639681394800382,5.639681394800382
CJ McCollum,2023-24,NOP,35802469.0,26.32,max,0,32.0,66,32.7,0.118,0.592,0.244,7.3,0.459,20.683011694162257,5.636988305837743,5.636988305837743
Kai Jones,2022-23,CHO,2909040.0,2.35,bench,0,22.0,46,11.9,0.073,0.597,0.121,1.5,0.558,-3.283345276177951,5.633345276177951,5.633345276177951
JaVale McGee,2019-20,LAL,4000000.0,3.67,bench,0,32.0,68,16.6,0.113,0.652,0.145,2.9,0.637,9.299376526499893,-5.629376526499893,5.629376526499893
Danuel House,2019-20,HOU,3540000.0,3.24,bench,0,27.0,63,30.4,0.07,0.572,0.135,3.7,0.427,8.860370712574266,-5.620370712574266,5.620370712574266
Spencer Dinwiddie,2017-18,BRK,1524305.0,1.54,bench,0,25.0,80,28.8,0.108,0.527,0.201,4.1,0.387,7.152807423410847,-5.612807423410847,5.612807423410847
Mirza Teletovic,2016-17,MIL,10500000.0,11.15,starter,0,31.0,70,16.2,0.061,0.515,0.188,2.2,0.373,5.537880865355427,5.612119134644574,5.612119134644574
DeMar DeRozan,2020-21,SAS,27739975.0,25.42,max,0,31.0,61,33.7,0.139,0.591,0.255,7.5,0.495,19.812432768809614,5.607567231190387,5.607567231190387
Mason Plumlee,2020-21,DET,8000000.0,7.33,bench,0,31.0,56,26.8,0.129,0.638,0.163,4.2,0.614,12.934513860952087,-5.604513860952087,5.604513860952087
JT Thor,2023-24,CHO,1836096.0,1.35,bench,0,21.0,63,12.4,0.059,0.519,0.113,1.3,0.437,-4.253330471526874,5.603330471526874,5.603330471526874
Bilal Coulibaly,2023-24,WAS,6614280.0,4.86,bench,0,19.0,63,27.2,0.057,0.543,0.139,3.0,0.435,-0.7415375115746613,5.601537511574661,5.601537511574661
Tyson Chandler,2018-19,TOT,13869020.0,13.61,starter,0,36.0,55,15.9,0.085,0.63,0.084,1.1,0.616,8.014663117785084,5.595336882214916,5.595336882214916
Danilo Gallinari,2020-21,ATL,19500000.0,17.87,star,0,32.0,51,24.0,0.112,0.613,0.211,4.0,0.434,12.27587557156335,5.5941244284366505,5.5941244284366505
Tim Hardaway,2016-17,ATL,2281605.0,2.42,bench,1,25.0,79,27.3,0.104,0.568,0.218,5.3,0.455,8.011510880244717,-5.5915108802447175,5.5915108802447175
Dwight Powell,2020-21,DAL,11080125.0,10.15,starter,0,29.0,58,16.6,0.099,0.688,0.129,2.1,0.619,4.558998444043727,5.591001555956273,5.591001555956273
Landry Shamet,2023-24,WAS,10250000.0,7.54,bench,0,27.0,46,15.8,0.058,0.556,0.181,2.6,0.431,1.9495307961002013,5.590469203899799,5.590469203899799
Julian Phillips,2024-25,CHI,1891857.0,1.35,bench,0,21.0,79,14.2,0.055,0.571,0.126,1.6,0.446,-4.237302126507199,5.587302126507199,5.587302126507199
Matthew Dellavedova,2019-20,CLE,9607500.0,8.8,starter,0,29.0,57,14.4,0.059,0.463,0.128,1.1,0.354,3.2141318685242073,5.585868131475793,5.585868131475793
DeMarcus Cousins,2017-18,NOP,18063850.0,18.24,star,0,27.0,48,36.2,0.167,0.583,0.318,8.5,0.47,23.815852500264324,-5.575852500264325,5.575852500264325
Kawhi Leonard,2025-26,LAC,50000000.0,32.33,max,0,34.0,65,32.1,0.185,0.629,0.326,9.8,0.505,26.75989937815616,5.570100621843839,5.570100621843839
Evan Fournier,2018-19,ORL,17000000.0,16.69,star,0,26.0,81,31.5,0.077,0.536,0.217,5.8,0.438,11.127531045928414,5.562468954071587,5.562468954071587
Jonas Valančiūnas,2020-21,MEM,15000000.0,13.74,starter,0,29.0,62,28.3,0.163,0.636,0.217,7.1,0.592,19.299931431608922,-5.559931431608922,5.559931431608922
Kelly Olynyk,2018-19,MIA,12137527.0,11.91,starter,0,28.0,79,22.9,0.102,0.61,0.175,3.3,0.463,6.351284812471636,5.558715187528364,5.558715187528364
Royce O'Neale,2025-26,PHO,10125000.0,6.55,bench,0,33.0,78,28.4,0.082,0.596,0.139,3.4,0.421,12.10659181118085,-5.5565918111808505,5.5565918111808505
Larry Nance,2018-19,CLE,2272391.0,2.23,bench,1,26.0,67,26.8,0.123,0.583,0.152,3.7,0.52,7.785346955174561,-5.555346955174562,5.555346955174562
Dragan Bender,2018-19,PHO,4661280.0,4.58,bench,0,21.0,46,18.0,0.066,0.521,0.13,1.9,0.447,-0.9742797863997704,5.55427978639977,5.55427978639977
Devin Vassell,2020-21,SAS,4033440.0,3.7,bench,0,20.0,62,17.0,0.071,0.524,0.138,2.0,0.406,-1.8501688888009036,5.550168888800904,5.550168888800904
Dalen Terry,2023-24,CHI,3350760.0,2.46,bench,0,21.0,59,11.5,0.063,0.512,0.127,1.2,0.439,-3.089249079330082,5.549249079330082,5.549249079330082
Bobby Portis,2025-26,MIL,13445754.0,8.69,starter,0,31.0,67,24.2,0.122,0.587,0.225,5.5,0.488,14.231450204730942,-5.541450204730943,5.541450204730943
Keldon Johnson,2023-24,SAS,20000000.0,14.7,starter,0,24.0,69,29.5,0.098,0.565,0.212,5.7,0.454,9.160790844536931,5.539209155463068,5.539209155463068
Torrey Craig,2022-23,PHO,5121951.0,4.14,bench,0,32.0,79,24.7,0.073,0.566,0.128,2.9,0.456,9.670946693194816,-5.530946693194816,5.530946693194816
Jalen Brunson,2020-21,DAL,1663861.0,1.52,bench,0,24.0,68,25.0,0.123,0.618,0.196,4.8,0.523,7.049844795201172,-5.529844795201171,5.529844795201171
Paul Millsap,2020-21,DEN,10000000.0,9.16,starter,0,36.0,56,20.8,0.098,0.565,0.184,3.4,0.476,14.688592765455216,-5.528592765455215,5.528592765455215
Jordan Clarkson,2020-21,UTA,11500000.0,10.54,starter,0,29.0,68,26.7,0.115,0.549,0.286,6.7,0.425,16.062074510278574,-5.522074510278575,5.522074510278575
Robin Lopez,2021-22,ORL,5000000.0,4.45,bench,0,34.0,36,17.0,0.076,0.57,0.182,3.1,0.553,9.967409632346403,-5.517409632346403,5.517409632346403
Lauri Markkanen,2023-24,UTA,17259999.0,12.69,starter,1,27.0,55,33.1,0.136,0.631,0.241,7.8,0.48,18.205116229301783,-5.515116229301784,5.515116229301784
Malik Monk,2021-22,LAL,1789256.0,1.59,bench,1,24.0,76,28.1,0.093,0.597,0.195,5.1,0.473,7.0971100669531175,-5.507110066953118,5.507110066953118
Tyrese Maxey,2024-25,PHI,35147000.0,25.0,star,0,24.0,52,37.7,0.127,0.562,0.293,9.2,0.437,19.4973230157112,5.502676984288801,5.502676984288801
Matthew Dellavedova,2016-17,MIL,9607500.0,10.21,starter,0,26.0,76,26.1,0.066,0.501,0.158,2.7,0.39,4.711611524442173,5.498388475557828,5.498388475557828
Luka Dončić,2022-23,DAL,37096500.0,30.0,max,0,24.0,66,36.2,0.202,0.609,0.368,10.9,0.496,24.510255570492998,5.489744429507002,5.489744429507002
Jamal Murray,2023-24,DEN,33833400.0,24.87,star,0,27.0,59,31.5,0.137,0.586,0.273,8.0,0.481,19.380427112635616,5.489572887364385,5.489572887364385
Brandon Miller,2025-26,CHO,11968800.0,7.74,bench,0,23.0,65,30.3,0.113,0.574,0.272,7.0,0.435,13.227360774486359,-5.487360774486358,5.487360774486358
Austin Rivers,2016-17,LAC,11000000.0,11.68,starter,0,24.0,74,27.8,0.068,0.545,0.198,4.4,0.442,6.1987568653088845,5.481243134691115,5.481243134691115
Donovan Mitchell,2024-25,CLE,35410310.0,25.19,max,1,28.0,71,31.4,0.137,0.575,0.298,8.2,0.443,19.709534496250264,5.480465503749738,5.480465503749738
Dyson Daniels,2022-23,NOP,5508600.0,4.45,bench,0,20.0,59,17.7,0.068,0.503,0.113,1.5,0.418,-1.0287620001277031,5.478762000127704,5.478762000127704
Talen Horton-Tucker,2021-22,LAL,9500000.0,8.45,starter,0,21.0,60,25.2,0.07,0.503,0.189,3.7,0.416,2.984810686249102,5.465189313750898,5.465189313750898
LaMelo Ball,2021-22,CHO,8231760.0,7.32,bench,0,20.0,75,32.3,0.132,0.554,0.271,7.2,0.429,12.78364987914619,-5.463649879146189,5.463649879146189
Darren Collison,2016-17,SAC,5229454.0,5.55,bench,1,29.0,68,30.3,0.1,0.57,0.195,5.0,0.476,11.01171782232176,-5.46171782232176,5.46171782232176
Usman Garuba,2022-23,HOU,2471160.0,2.0,bench,0,21.0,75,12.9,0.079,0.569,0.099,1.1,0.486,-3.4591896138403477,5.459189613840348,5.459189613840348
Michael Porter Jr.,2025-26,BRK,38333050.0,24.79,star,0,27.0,52,32.5,0.141,0.595,0.292,8.5,0.463,19.33373404162302,5.456265958376978,5.456265958376978
P.J. Tucker,2019-20,HOU,8349039.0,7.65,bench,0,35.0,72,34.3,0.057,0.559,0.087,2.5,0.415,13.1008864290125,-5.450886429012499,5.450886429012499
Tari Eason,2025-26,HOU,5675766.0,3.67,bench,0,25.0,60,25.8,0.083,0.514,0.181,4.0,0.416,9.111813643599394,-5.441813643599394,5.441813643599394
Zion Williamson,2019-20,NOP,9757440.0,8.94,starter,0,19.0,24,27.8,0.141,0.616,0.291,8.8,0.583,14.381590612877012,-5.441590612877013,5.441590612877013
Jeff Teague,2020-21,TOT,2131153.0,1.95,bench,0,33.0,55,17.3,0.079,0.562,0.174,2.2,0.433,7.386055282754397,-5.436055282754396,5.436055282754396
Doug McDermott,2018-19,IND,7333334.0,7.2,bench,0,27.0,77,17.4,0.075,0.617,0.152,2.7,0.491,1.7658986709575604,5.43410132904244,5.43410132904244
Iman Shumpert,2016-17,CLE,9700000.0,10.3,starter,0,27.0,76,25.5,0.055,0.536,0.14,2.6,0.411,4.867974523069543,5.432025476930458,5.432025476930458
Victor Oladipo,2016-17,OKC,6552960.0,6.96,bench,1,25.0,67,33.2,0.095,0.534,0.21,6.1,0.442,12.388582797308498,-5.428582797308498,5.428582797308498
Cason Wallace,2023-24,OKC,5291400.0,3.89,bench,0,20.0,82,20.6,0.071,0.612,0.127,2.6,0.491,-1.537740196327478,5.427740196327478,5.427740196327478
James Harden,2017-18,HOU,28299399.0,28.58,max,0,28.0,72,35.4,0.194,0.619,0.353,9.0,0.449,23.154087273547802,5.4259127264521965,5.4259127264521965
Victor Oladipo,2022-23,MIA,8750000.0,7.08,bench,0,31.0,42,26.3,0.076,0.513,0.204,3.8,0.397,12.496336625924666,-5.416336625924666,5.416336625924666
P.J. Washington,2022-23,CHO,5808435.0,4.7,bench,1,24.0,73,32.6,0.083,0.542,0.2,5.9,0.444,10.114183901047813,-5.414183901047813,5.414183901047813
Darius Bazley,2020-21,OKC,2399160.0,2.2,bench,0,21.0,55,31.2,0.086,0.491,0.218,5.0,0.396,7.608251692056464,-5.408251692056464,5.408251692056464
Pascal Siakam,2022-23,TOR,35448672.0,28.67,max,0,29.0,71,37.4,0.135,0.565,0.27,8.9,0.48,23.262879710474376,5.407120289525626,5.407120289525626
Rui Hachimura,2020-21,WAS,4692840.0,4.3,bench,0,23.0,57,31.5,0.082,0.549,0.18,5.4,0.478,9.706926182092872,-5.406926182092872,5.406926182092872
Gordon Hayward,2020-21,CHO,28500000.0,26.11,max,0,31.0,44,34.0,0.124,0.584,0.235,7.1,0.473,20.71383467620708,5.396165323792918,5.396165323792918
Gradey Dick,2025-26,TOR,4990560.0,3.23,bench,0,22.0,76,14.0,0.07,0.538,0.176,2.1,0.419,-2.1648489188403444,5.394848918840344,5.394848918840344
Trevor Ariza,2016-17,HOU,7806971.0,8.29,starter,0,32.0,80,34.7,0.085,0.548,0.14,4.1,0.409,13.684593703459615,-5.394593703459616,5.394593703459616
Rajon Rondo,2021-22,TOT,7500000.0,6.67,bench,0,36.0,39,17.9,0.096,0.496,0.152,1.7,0.386,12.053991064794518,-5.383991064794518,5.383991064794518
Nikola Jokić,2025-26,DEN,55224526.0,35.71,max,0,31.0,65,34.8,0.213,0.67,0.289,9.9,0.569,30.3354210950916,5.3745789049084,5.3745789049084
Dejounte Murray,2022-23,ATL,16571120.0,13.4,starter,0,26.0,74,36.4,0.12,0.54,0.239,8.3,0.464,18.77251725505848,-5.372517255058481,5.372517255058481
Kyle Lowry,2021-22,MIA,26984128.0,24.0,star,0,36.0,63,33.9,0.112,0.6,0.178,4.4,0.44,18.627983196087897,5.3720168039121035,5.3720168039121035
Reggie Bullock,2017-18,DET,2500000.0,2.52,bench,0,27.0,62,27.9,0.084,0.615,0.153,4.3,0.489,7.891511209088879,-5.3715112090888795,5.3715112090888795
Donovan Mitchell,2021-22,UTA,28103500.0,25.0,star,0,25.0,67,33.8,0.135,0.572,0.322,9.2,0.448,19.631364891522548,5.368635108477452,5.368635108477452
Omri Casspi,2017-18,GSW,1471382.0,1.49,bench,1,30.0,53,14.0,0.119,0.632,0.157,2.3,0.58,6.856313892858225,-5.366313892858225,5.366313892858225
Kris Dunn,2016-17,MIN,3872520.0,4.11,bench,0,23.0,78,17.1,0.051,0.432,0.139,1.5,0.377,-1.2479111247427557,5.357911124742756,5.357911124742756
Dyson Daniels,2025-26,ATL,7707709.0,4.98,bench,0,23.0,76,33.2,0.106,0.542,0.157,5.3,0.517,10.335795157722831,-5.355795157722831,5.355795157722831
Joshua Primo,2021-22,SAS,3946800.0,3.51,bench,0,19.0,50,19.3,0.044,0.487,0.152,2.0,0.374,-1.8345840353722542,5.344584035372254,5.344584035372254
Zion Williamson,2024-25,NOP,36725670.0,26.12,max,0,24.0,30,28.6,0.167,0.6,0.325,9.6,0.567,20.780108471696714,5.339891528303287,5.339891528303287
Dirk Nowitzki,2016-17,DAL,25000000.0,26.56,max,0,39.0,54,26.4,0.124,0.529,0.246,5.5,0.437,21.222104109476934,5.337895890523065,5.337895890523065
Patrick Williams,2020-21,CHI,7068360.0,6.48,bench,0,19.0,71,27.9,0.071,0.562,0.146,3.6,0.483,1.1524236094672724,5.3275763905327285,5.3275763905327285
Jonas Valanciunas,2016-17,TOR,14382022.0,15.28,star,0,25.0,80,25.8,0.136,0.601,0.193,4.9,0.557,9.954898413497672,5.325101586502328,5.325101586502328
Raul Neto,2020-21,WAS,1620564.0,1.48,bench,1,29.0,64,21.9,0.086,0.575,0.155,3.3,0.468,6.7925808386689415,-5.312580838668941,5.312580838668941
Luguentz Dort,2023-24,OKC,15277778.0,11.23,starter,0,25.0,79,28.4,0.06,0.593,0.152,3.6,0.438,5.925681807482976,5.304318192517025,5.304318192517025
Carter Bryant,2025-26,SAS,4900320.0,3.17,bench,0,20.0,71,11.5,0.071,0.526,0.158,1.5,0.408,-2.1296989282614347,5.299698928261435,5.299698928261435
Russell Westbrook,2019-20,HOU,38506482.0,35.28,max,0,31.0,57,36.0,0.145,0.536,0.33,10.6,0.472,29.98038992258969,5.2996100774103105,5.2996100774103105
Mario Chalmers,2017-18,MEM,2106407.0,2.13,bench,0,32.0,66,21.5,0.072,0.503,0.186,2.5,0.379,7.422930552967595,-5.292930552967595,5.292930552967595
Jakob Poeltl,2016-17,TOR,2703960.0,2.87,bench,0,21.0,54,11.6,0.057,0.589,0.117,1.2,0.583,-2.41851070624473,5.288510706244731,5.288510706244731
Montrezl Harrell,2018-19,LAC,6000000.0,5.89,bench,0,25.0,82,26.3,0.14,0.636,0.227,6.7,0.615,11.177655120193837,-5.287655120193837,5.287655120193837
Evan Mobley,2022-23,CLE,8478720.0,6.86,bench,0,22.0,79,34.4,0.124,0.591,0.199,6.6,0.554,12.144100391895073,-5.284100391895072,5.284100391895072
Jalen Duren,2023-24,DET,4330680.0,3.18,bench,0,20.0,61,29.1,0.137,0.653,0.181,5.7,0.619,8.458118183860602,-5.278118183860602,5.278118183860602
Luguentz Dort,2020-21,OKC,1517981.0,1.39,bench,0,22.0,52,29.7,0.062,0.513,0.218,4.8,0.387,6.6603701018189465,-5.270370101818947,5.270370101818947
Giannis Antetokounmpo,2022-23,MIL,42492492.0,34.36,max,0,28.0,63,32.1,0.204,0.605,0.373,11.2,0.553,29.09161789005011,5.26838210994989,5.26838210994989
Zaccharie Risacher,2024-25,ATL,12569040.0,8.94,starter,0,20.0,75,24.6,0.071,0.558,0.203,4.8,0.458,3.679533146252645,5.260466853747355,5.260466853747355
Jarace Walker,2024-25,IND,6362520.0,4.53,bench,0,21.0,75,15.8,0.087,0.59,0.165,2.3,0.472,-0.7276366334673099,5.25763663346731,5.25763663346731
Gabe Vincent,2022-23,MIA,1815677.0,1.47,bench,1,27.0,68,25.9,0.058,0.533,0.17,3.4,0.402,6.72150786362843,-5.25150786362843,5.25150786362843
Deandre Ayton,2021-22,PHO,12632950.0,11.24,starter,1,23.0,58,29.5,0.148,0.656,0.217,7.6,0.634,16.488234627264465,-5.248234627264464,5.248234627264464
Justise Winslow,2018-19,MIA,3448926.0,3.39,bench,1,23.0,66,29.7,0.097,0.513,0.206,4.9,0.433,8.637443411264837,-5.247443411264836,5.247443411264836
Jerami Grant,2025-26,POR,32000001.0,20.69,star,0,32.0,57,29.7,0.094,0.608,0.228,5.8,0.453,15.449115315158863,5.240884684841138,5.240884684841138
Nick Smith,2023-24,CHO,2463960.0,1.81,bench,0,20.0,51,14.3,0.056,0.511,0.202,2.2,0.391,-3.4215179304169427,5.231517930416943,5.231517930416943
Jett Howard,2025-26,ORL,5529720.0,3.58,bench,0,22.0,55,12.6,0.07,0.561,0.166,1.9,0.418,-1.6485152296510301,5.22851522965103,5.22851522965103
Blake Wesley,2024-25,SAS,2624280.0,1.87,bench,1,22.0,58,11.8,0.066,0.51,0.165,1.4,0.435,-3.3470085941308128,5.217008594130813,5.217008594130813
Isaiah Hartenstein,2025-26,OKC,28500000.0,18.43,star,0,28.0,47,24.2,0.143,0.631,0.153,3.9,0.622,13.222759088638192,5.207240911361808,5.207240911361808
Evan Fournier,2017-18,ORL,17000000.0,17.17,star,0,25.0,57,32.2,0.093,0.577,0.226,6.5,0.459,11.979498277511258,5.190501722488744,5.190501722488744
Myles Turner,2018-19,IND,3410284.0,3.35,bench,1,23.0,74,28.6,0.119,0.567,0.199,5.1,0.487,8.536273973265464,-5.186273973265465,5.186273973265465
Spencer Dinwiddie,2019-20,BRK,10605600.0,9.72,starter,0,27.0,64,31.2,0.121,0.541,0.287,6.6,0.415,14.900513592576374,-5.180513592576373,5.180513592576373
Bobby Portis,2023-24,MIL,11710818.0,8.61,starter,0,29.0,82,24.5,0.122,0.581,0.224,5.7,0.508,13.774346967331873,-5.164346967331873,5.164346967331873
Brandon Ingram,2022-23,NOP,31650600.0,25.6,max,0,25.0,45,34.2,0.144,0.582,0.306,9.0,0.484,20.436022561330066,5.163977438669935,5.163977438669935
Nassir Little,2019-20,POR,2105520.0,1.93,bench,0,20.0,48,11.9,0.05,0.505,0.131,1.4,0.43,-3.2324172755859584,5.162417275585958,5.162417275585958
Jaden McDaniels,2025-26,MIN,24393104.0,15.77,star,0,25.0,73,31.7,0.088,0.611,0.182,5.7,0.515,10.611599055321783,5.158400944678217,5.158400944678217
Serge Ibaka,2018-19,TOR,21666667.0,21.27,star,0,29.0,74,27.2,0.123,0.582,0.227,6.3,0.529,16.122908532735057,5.147091467264943,5.147091467264943
Nick Young,2016-17,LAL,5443918.0,5.78,bench,0,32.0,60,25.9,0.075,0.588,0.192,4.5,0.43,10.924090366918152,-5.144090366918152,5.144090366918152
Myles Turner,2021-22,IND,17500000.0,15.57,star,1,26.0,42,29.4,0.111,0.615,0.173,4.8,0.509,10.426323357320225,5.143676642679775,5.143676642679775
Marreese Speights,2016-17,LAC,1403611.0,1.49,bench,0,29.0,82,15.7,0.114,0.584,0.234,3.0,0.445,6.632020035794587,-5.142020035794586,5.142020035794586
Kevin Durant,2016-17,GSW,26540100.0,28.19,max,0,28.0,62,33.4,0.186,0.651,0.271,8.9,0.537,23.055112215461136,5.134887784538865,5.134887784538865
Julius Randle,2024-25,MIN,33073920.0,23.53,star,0,30.0,69,32.3,0.124,0.593,0.246,6.6,0.485,18.395441626825466,5.134558373174535,5.134558373174535
Nicolas Batum,2025-26,LAC,5601600.0,3.62,bench,0,37.0,74,17.5,0.058,0.603,0.092,1.3,0.403,8.75451140702627,-5.134511407026269,5.134511407026269
Elfrid Payton,2016-17,ORL,2613600.0,2.78,bench,1,23.0,82,29.4,0.117,0.52,0.211,5.2,0.471,7.914443304542848,-5.134443304542849,5.134443304542849
De'Aaron Fox,2022-23,SAC,30351780.0,24.55,star,0,25.0,73,33.4,0.137,0.599,0.288,9.3,0.512,19.415605504643437,5.134394495356563,5.134394495356563
Alperen Şengün,2022-23,HOU,3375360.0,2.73,bench,1,20.0,75,28.9,0.125,0.599,0.211,5.9,0.553,7.856022933852286,-5.126022933852285,5.126022933852285
Jeff Teague,2017-18,MIN,19000000.0,19.19,star,0,30.0,70,33.0,0.105,0.553,0.201,5.1,0.446,14.083612254054373,5.106387745945629,5.106387745945629
Garrett Temple,2021-22,NOP,4910000.0,4.37,bench,0,36.0,59,18.6,0.057,0.494,0.136,1.9,0.376,9.473896898180257,-5.103896898180257,5.103896898180257
Jakob Poeltl,2021-22,SAS,8750000.0,7.78,bench,0,26.0,68,29.0,0.119,0.613,0.182,6.0,0.618,12.883745652638236,-5.103745652638236,5.103745652638236
Stanley Johnson,2016-17,DET,2969880.0,3.15,bench,0,21.0,77,17.8,0.048,0.436,0.144,1.7,0.353,-1.9443743160583198,5.094374316058319,5.094374316058319
T.J. McConnell,2021-22,IND,7500000.0,6.67,bench,0,30.0,27,24.2,0.104,0.525,0.157,3.7,0.481,11.749200551637614,-5.079200551637614,5.079200551637614
Terance Mann,2021-22,LAC,1782621.0,1.59,bench,0,25.0,81,28.6,0.095,0.572,0.157,4.1,0.484,6.668538837757226,-5.078538837757226,5.078538837757226
Julius Randle,2017-18,LAL,4149242.0,4.19,bench,1,23.0,82,26.7,0.135,0.606,0.251,6.1,0.558,9.266291885514969,-5.076291885514968,5.076291885514968
Andre Iguodala,2018-19,GSW,16000000.0,15.71,star,0,35.0,68,23.2,0.09,0.587,0.101,2.2,0.5,10.635990867332524,5.074009132667477,5.074009132667477
Terry Rozier,2019-20,CHO,19894737.0,18.23,star,0,26.0,63,34.4,0.103,0.553,0.232,6.3,0.423,13.159568347139984,5.070431652860016,5.070431652860016
Luka Dončić,2018-19,DAL,6560640.0,6.44,bench,0,20.0,72,32.2,0.149,0.545,0.296,7.0,0.427,11.510404476377198,-5.070404476377198,5.070404476377198
Kris Dunn,2025-26,LAC,5426400.0,3.51,bench,0,32.0,82,27.2,0.074,0.581,0.122,2.8,0.476,8.57156560735516,-5.06156560735516,5.06156560735516
Max Strus,2021-22,MIA,1669178.0,1.48,bench,0,26.0,68,23.3,0.086,0.614,0.177,3.7,0.441,6.539807826387741,-5.0598078263877415,5.0598078263877415
Donte DiVincenzo,2020-21,MIL,3044160.0,2.79,bench,1,24.0,66,27.5,0.087,0.542,0.163,3.8,0.42,7.84778573120583,-5.05778573120583,5.05778573120583
Blake Wesley,2023-24,SAS,2504640.0,1.84,bench,0,21.0,61,14.4,0.069,0.537,0.144,1.7,0.474,-3.217570666169282,5.057570666169282,5.057570666169282
Tidjane Salaün,2025-26,CHO,7863240.0,5.08,bench,0,20.0,37,15.6,0.102,0.629,0.147,2.2,0.503,0.024896918427555117,5.055103081572445,5.055103081572445
Jayson Tatum,2021-22,BOS,28103550.0,25.0,star,0,24.0,76,35.9,0.159,0.578,0.313,9.3,0.453,19.947014746879756,5.052985253120244,5.052985253120244
Rudy Gay,2022-23,UTA,6184500.0,5.0,bench,0,36.0,56,14.6,0.07,0.475,0.173,1.9,0.38,10.02853145025386,-5.02853145025386,5.02853145025386
Jonas Valančiūnas,2025-26,DEN,10395000.0,6.72,bench,0,34.0,65,13.4,0.15,0.63,0.26,3.5,0.582,11.74802919353978,-5.028029193539781,5.028029193539781
Pelle Larsson,2025-26,MIA,1955377.0,1.26,bench,0,25.0,70,26.4,0.084,0.605,0.165,4.0,0.496,6.285718384417861,-5.0257183844178615,5.0257183844178615
Troy Brown,2018-19,WAS,2749080.0,2.7,bench,0,19.0,52,14.0,0.077,0.487,0.158,1.9,0.415,-2.3244403686556656,5.024440368655666,5.024440368655666
Brandon Ingram,2016-17,LAL,5281680.0,5.61,bench,0,19.0,79,28.9,0.055,0.474,0.166,3.5,0.402,0.5970202478408496,5.012979752159151,5.012979752159151
Chris Paul,2021-22,PHO,30800000.0,27.4,max,0,37.0,65,32.9,0.15,0.581,0.197,5.6,0.493,22.38772691677461,5.012273083225388,5.012273083225388
Thon Maker,2019-20,DET,3569643.0,3.27,bench,0,23.0,60,12.9,0.076,0.582,0.16,1.6,0.482,-1.7394254074722697,5.0094254074722695,5.0094254074722695
Aaron Nesmith,2021-22,BOS,3631200.0,3.23,bench,0,22.0,52,11.0,0.048,0.507,0.164,1.4,0.396,-1.7766884140668169,5.006688414066817,5.006688414066817
Langston Galloway,2017-18,DET,6666667.0,6.73,bench,0,26.0,58,14.9,0.086,0.503,0.188,2.2,0.371,1.7291278286825131,5.0008721713174875,5.0008721713174875
Danilo Gallinari,2019-20,OKC,22615559.0,20.72,star,0,31.0,62,29.6,0.13,0.612,0.242,5.8,0.438,15.719927102861067,5.000072897138931,5.000072897138931
Willie Cauley-Stein,2017-18,SAC,3704160.0,3.74,bench,1,24.0,73,28.0,0.115,0.529,0.215,5.3,0.502,8.736434538959898,-4.996434538959898,4.996434538959898
Tim Hardaway,2019-20,DAL,18150000.0,16.63,star,0,28.0,71,29.5,0.089,0.581,0.204,5.4,0.434,11.634825332570243,4.995174667429756,4.995174667429756
Jameer Nelson,2017-18,TOT,6165868.0,6.23,bench,0,36.0,50,20.3,0.065,0.489,0.137,1.9,0.389,11.224282411367962,-4.994282411367962,4.994282411367962
Damion Lee,2021-22,GSW,1910860.0,1.7,bench,0,29.0,63,19.9,0.081,0.561,0.156,2.7,0.441,6.693642148917041,-4.993642148917041,4.993642148917041
Drake Powell,2025-26,BRK,3372240.0,2.18,bench,0,20.0,63,20.9,0.053,0.521,0.149,2.3,0.402,-2.8024611915594106,4.982461191559411,4.982461191559411
Javonte Green,2025-26,DET,2296274.0,1.48,bench,0,32.0,82,17.6,0.095,0.607,0.143,2.3,0.447,6.461984358859644,-4.981984358859645,4.981984358859645
Brandon Williams,2025-26,DAL,2270735.0,1.47,bench,0,26.0,66,22.2,0.115,0.572,0.242,4.4,0.472,6.445521012655207,-4.975521012655207,4.975521012655207
Troy Brown,2021-22,CHI,5170564.0,4.6,bench,0,22.0,66,16.0,0.073,0.525,0.118,1.6,0.419,-0.37495259422671984,4.974952594226719,4.974952594226719
Christian Wood,2023-24,LAL,2709849.0,1.99,bench,0,28.0,50,17.4,0.101,0.568,0.173,2.5,0.466,6.96470258644605,-4.97470258644605,4.97470258644605
DeMar DeRozan,2019-20,SAS,27739975.0,25.42,max,0,30.0,68,34.1,0.14,0.603,0.262,8.2,0.531,20.446361983050494,4.973638016949508,4.973638016949508
Seth Curry,2020-21,PHI,7834449.0,7.18,bench,0,30.0,57,28.7,0.084,0.607,0.169,4.5,0.467,12.150662547712384,-4.970662547712385,4.970662547712385
Coby White,2023-24,CHI,11111111.0,8.17,starter,0,24.0,79,36.5,0.099,0.57,0.224,6.8,0.447,13.140203490615317,-4.970203490615317,4.970203490615317
Joe Harris,2019-20,BRK,7666667.0,7.02,bench,1,28.0,69,30.8,0.088,0.606,0.179,5.5,0.486,11.97568504669085,-4.955685046690851,4.955685046690851
Tony Snell,2019-20,DET,11392857.0,10.44,starter,0,28.0,59,27.8,0.062,0.598,0.11,2.9,0.445,5.489790131790098,4.950209868209901,4.950209868209901
Tyler Johnson,2020-21,BRK,1620564.0,1.48,bench,0,29.0,39,17.5,0.059,0.546,0.132,1.8,0.393,6.414076363046869,-4.934076363046868,4.934076363046868
Reggie Jackson,2018-19,DET,17043478.0,16.73,star,0,29.0,82,27.9,0.1,0.547,0.237,5.4,0.421,11.803433178361193,4.926566821638808,4.926566821638808
De'Anthony Melton,2020-21,MEM,9571712.0,8.77,starter,0,23.0,52,20.1,0.1,0.568,0.189,3.3,0.438,3.865611332726068,4.904388667273931,4.904388667273931
CJ McCollum,2019-20,POR,27556959.0,25.25,max,0,28.0,70,36.5,0.103,0.541,0.257,8.7,0.451,20.348810580748804,4.901189419251196,4.901189419251196
Nikola Vucevic,2017-18,ORL,12250000.0,12.37,starter,0,27.0,57,29.5,0.139,0.533,0.252,7.0,0.475,17.269070034889776,-4.899070034889776,4.899070034889776
Tyus Jones,2016-17,MIN,1339680.0,1.42,bench,0,21.0,60,12.9,0.096,0.523,0.132,1.3,0.414,-3.476075368113635,4.896075368113635,4.896075368113635
Brandon Clarke,2020-21,MEM,2602920.0,2.38,bench,0,24.0,59,24.0,0.11,0.56,0.167,4.3,0.517,7.2649868745131,-4.8849868745131,4.8849868745131
Cameron Payne,2022-23,PHO,6000000.0,4.85,bench,1,28.0,48,20.2,0.097,0.512,0.239,3.9,0.415,9.734525979521749,-4.884525979521749,4.884525979521749
Dario Šarić,2019-20,PHO,3481986.0,3.19,bench,1,26.0,66,24.7,0.099,0.592,0.174,3.9,0.476,8.06871717312462,-4.87871717312462,4.87871717312462
Enes Freedom,2019-20,BOS,4767000.0,4.37,bench,0,28.0,58,17.0,0.153,0.599,0.186,3.4,0.572,9.248147449077315,-4.878147449077315,4.878147449077315
Pat Connaughton,2022-23,MIL,5728393.0,4.63,bench,1,30.0,61,23.7,0.075,0.531,0.133,2.7,0.392,9.505435344378785,-4.8754353443787855,4.8754353443787855
Trevor Ariza,2020-21,MIA,12800000.0,11.73,starter,0,36.0,30,28.0,0.077,0.542,0.149,3.3,0.411,16.599574537549692,-4.869574537549692,4.869574537549692
Paolo Banchero,2025-26,ORL,15334769.0,9.92,starter,0,23.0,72,34.7,0.138,0.566,0.274,7.3,0.459,14.788438087854393,-4.868438087854393,4.868438087854393
Derrick Favors,2019-20,NOP,17650000.0,16.17,star,0,28.0,51,24.4,0.129,0.62,0.135,4.1,0.617,11.306122829110409,4.863877170889593,4.863877170889593
Dante Exum,2016-17,UTA,3940320.0,4.19,bench,1,21.0,66,18.6,0.054,0.521,0.176,2.3,0.427,-0.6694440744412143,4.859444074441215,4.859444074441215
Mitchell Robinson,2020-21,NYK,1663861.0,1.52,bench,0,23.0,31,27.5,0.104,0.642,0.114,3.7,0.653,6.378060489470937,-4.858060489470937,4.858060489470937
Franz Wagner,2022-23,ORL,5258280.0,4.25,bench,0,21.0,80,32.6,0.11,0.589,0.23,6.8,0.485,9.108015670682429,-4.858015670682429,4.858015670682429
Duncan Robinson,2024-25,MIA,19406000.0,13.8,starter,0,31.0,74,24.1,0.078,0.595,0.187,3.9,0.437,8.945059707148063,4.854940292851937,4.854940292851937
Josh Hart,2019-20,NOP,1934160.0,1.77,bench,1,25.0,65,27.0,0.091,0.563,0.15,3.5,0.423,6.614247590950878,-4.844247590950879,4.844247590950879
Myles Turner,2016-17,IND,2463840.0,2.62,bench,0,21.0,81,31.4,0.112,0.585,0.195,5.5,0.511,7.463325522774074,-4.843325522774074,4.843325522774074
Justin Holiday,2017-18,CHI,4615385.0,4.66,bench,0,29.0,72,31.5,0.069,0.513,0.177,4.0,0.371,9.49085564814992,-4.830855648149919,4.830855648149919
Cody Zeller,2018-19,CHO,13528090.0,13.28,starter,0,26.0,49,25.4,0.101,0.611,0.159,3.9,0.551,8.4533719307877,4.826628069212299,4.826628069212299
Kyle Anderson,2019-20,MEM,9073050.0,8.31,starter,0,26.0,67,19.8,0.094,0.534,0.134,2.3,0.474,3.487288844596152,4.822711155403848,4.822711155403848
Brandin Podziemski,2024-25,GSW,3519960.0,2.5,bench,0,22.0,64,26.8,0.114,0.557,0.177,4.4,0.445,7.317761462125755,-4.817761462125755,4.817761462125755
T.J. McConnell,2024-25,IND,9300000.0,6.62,bench,0,33.0,79,17.9,0.129,0.547,0.226,4.1,0.519,11.4301839280773,-4.8101839280773,4.8101839280773
Chris Boucher,2020-21,TOR,6500000.0,5.96,bench,0,28.0,60,24.2,0.132,0.634,0.202,4.8,0.514,10.767471515783743,-4.807471515783743,4.807471515783743
Santi Aldama,2023-24,MEM,2194200.0,1.61,bench,1,23.0,61,26.5,0.1,0.539,0.177,4.0,0.435,6.416135235800094,-4.8061352358000935,4.8061352358000935
Jrue Holiday,2018-19,NOP,25976111.0,25.5,max,0,29.0,67,35.8,0.127,0.555,0.25,8.2,0.472,20.698228017545702,4.801771982454298,4.801771982454298
Jonas Valanciunas,2017-18,TOR,15460675.0,15.61,star,0,26.0,77,22.4,0.151,0.628,0.222,5.1,0.568,10.809347164705963,4.800652835294036,4.800652835294036
Jared Dudley,2016-17,PHO,10470000.0,11.12,starter,0,31.0,64,21.3,0.079,0.579,0.136,2.5,0.454,6.320863938108091,4.799136061891908,4.799136061891908
Chris Paul,2016-17,LAC,22868827.0,24.29,star,0,32.0,61,31.5,0.182,0.614,0.239,6.1,0.476,19.495209235378926,4.794790764621073,4.794790764621073
Terry Rozier,2017-18,BOS,1988520.0,2.01,bench,1,24.0,80,25.9,0.118,0.52,0.199,4.0,0.395,6.804272134191876,-4.794272134191877,4.794272134191877
Tyus Jones,2019-20,MEM,8400000.0,7.7,bench,0,24.0,65,19.0,0.108,0.532,0.165,3.0,0.459,2.9072170408007425,4.792782959199258,4.792782959199258
Anfernee Simons,2024-25,POR,25892857.0,18.42,star,0,26.0,70,32.7,0.106,0.557,0.241,6.8,0.426,13.634224961201223,4.7857750387987785,4.7857750387987785
Royce O'Neale,2019-20,UTA,1618520.0,1.48,bench,1,27.0,71,28.9,0.074,0.578,0.095,2.2,0.433,6.263489927814101,-4.7834899278141005,4.7834899278141005
Shai Gilgeous-Alexander,2022-23,OKC,30913750.0,25.0,star,0,24.0,68,35.5,0.175,0.626,0.318,10.4,0.51,20.2204798841754,4.7795201158245995,4.7795201158245995
Wendell Carter,2021-22,ORL,6920027.0,6.16,bench,1,23.0,62,29.9,0.144,0.601,0.206,5.8,0.525,10.938906087960351,-4.778906087960351,4.778906087960351
Caris LeVert,2022-23,CLE,18796296.0,15.2,star,0,28.0,74,30.2,0.089,0.546,0.183,4.3,0.431,10.424303469694628,4.775696530305371,4.775696530305371
Jrue Holiday,2024-25,BOS,30000000.0,21.34,star,0,35.0,62,30.6,0.088,0.565,0.156,4.1,0.443,16.56460057210708,4.775399427892921,4.775399427892921
Austin Reaves,2022-23,LAL,1563518.0,1.26,bench,1,25.0,64,28.8,0.1,0.687,0.154,4.0,0.529,6.032122260053126,-4.772122260053126,4.772122260053126
Mason Plumlee,2019-20,DEN,14041096.0,12.87,starter,0,30.0,61,17.3,0.12,0.613,0.173,2.9,0.615,8.101019155047737,4.768980844952262,4.768980844952262
Kris Dunn,2024-25,LAC,5168000.0,3.68,bench,0,31.0,74,24.1,0.07,0.531,0.126,2.6,0.439,8.448598648727282,-4.7685986487272825,4.7685986487272825
Dennis Smith,2022-23,CHO,1836090.0,1.48,bench,0,25.0,54,25.7,0.09,0.475,0.175,3.4,0.412,6.243289704257961,-4.763289704257961,4.763289704257961
Julius Randle,2016-17,LAL,3267120.0,3.47,bench,1,22.0,74,28.8,0.113,0.543,0.212,5.1,0.488,8.232312206607562,-4.762312206607561,4.762312206607561
Isaac Bonga,2019-20,WAS,1416852.0,1.3,bench,0,20.0,66,18.9,0.062,0.608,0.106,1.8,0.504,-3.4562815368354602,4.75628153683546,4.75628153683546
James Ennis,2020-21,ORL,3300000.0,3.02,bench,0,30.0,41,24.1,0.077,0.613,0.137,2.8,0.473,7.771387677490286,-4.7513876774902855,4.7513876774902855
Shaedon Sharpe,2022-23,POR,6012960.0,4.86,bench,0,20.0,80,22.2,0.071,0.568,0.186,3.8,0.472,0.12095452645377207,4.739045473546228,4.739045473546228
Domantas Sabonis,2017-18,IND,2550000.0,2.57,bench,0,22.0,74,24.5,0.121,0.567,0.214,4.6,0.514,7.307063381882614,-4.7370633818826136,4.7370633818826136
LeBron James,2020-21,LAL,39219566.0,35.94,max,0,36.0,45,33.4,0.191,0.602,0.31,9.4,0.513,31.21109259838216,4.728907401617839,4.728907401617839
Dwight Powell,2022-23,DAL,11080125.0,8.96,starter,0,31.0,76,19.2,0.078,0.738,0.123,2.6,0.732,4.233611954010279,4.726388045989722,4.726388045989722
Marc Gasol,2017-18,MEM,22642350.0,22.86,star,0,33.0,73,33.0,0.14,0.532,0.255,5.9,0.42,18.133880694678652,4.7261193053213475,4.7261193053213475
Cole Anthony,2022-23,ORL,3613680.0,2.92,bench,1,23.0,60,25.9,0.116,0.57,0.209,4.6,0.454,7.645915547005923,-4.725915547005923,4.725915547005923
Ish Smith,2018-19,DET,6000000.0,5.89,bench,0,30.0,56,22.3,0.086,0.485,0.193,3.7,0.419,10.615617342874458,-4.725617342874458,4.725617342874458
Tarik Black,2016-17,LAL,6191000.0,6.58,bench,0,25.0,67,16.3,0.085,0.56,0.152,2.2,0.51,1.8555026767381109,4.72449732326189,4.72449732326189
Brandon Clarke,2019-20,MEM,2478840.0,2.27,bench,0,23.0,58,22.4,0.139,0.663,0.18,5.1,0.618,6.994305403749114,-4.7243054037491135,4.7243054037491135
Cameron Johnson,2021-22,PHO,4437000.0,3.95,bench,1,26.0,66,26.2,0.105,0.625,0.167,4.2,0.46,8.672924027517453,-4.722924027517453,4.722924027517453
Seth Curry,2016-17,DAL,2898000.0,3.08,bench,0,26.0,70,29.0,0.103,0.601,0.193,4.8,0.481,7.795868304068475,-4.715868304068475,4.715868304068475
Derrick White,2018-19,SAS,1667160.0,1.64,bench,0,24.0,67,25.8,0.096,0.555,0.178,3.9,0.479,6.354474583570755,-4.714474583570755,4.714474583570755
Julian Champagnie,2025-26,SAS,3000000.0,1.94,bench,0,24.0,82,27.6,0.091,0.609,0.146,3.7,0.437,6.653233887557257,-4.713233887557257,4.713233887557257
Willie Cauley-Stein,2018-19,SAC,4696875.0,4.61,bench,0,25.0,81,27.3,0.118,0.566,0.173,5.1,0.556,9.319130108038381,-4.709130108038381,4.709130108038381
Nicolas Batum,2024-25,LAC,4668000.0,3.32,bench,0,36.0,78,17.5,0.069,0.633,0.087,1.3,0.437,8.027857640350225,-4.707857640350225,4.707857640350225
Rudy Gay,2016-17,SAC,13333333.0,14.16,starter,0,30.0,30,33.8,0.125,0.559,0.246,6.7,0.455,18.85218305131169,-4.692183051311691,4.692183051311691
Chet Holmgren,2024-25,OKC,10880640.0,7.74,bench,1,23.0,32,27.4,0.122,0.599,0.214,5.2,0.49,12.425072812067146,-4.685072812067146,4.685072812067146
Kira Lewis,2020-21,NOP,3640200.0,3.34,bench,0,20.0,54,16.7,0.064,0.477,0.176,2.4,0.386,-1.343470193359711,4.683470193359711,4.683470193359711
Kenneth Faried,2016-17,DEN,12078652.0,12.83,starter,0,27.0,61,21.2,0.124,0.588,0.179,3.7,0.548,8.151630992926409,4.6783690070735915,4.6783690070735915
Devin Booker,2022-23,PHO,33833400.0,27.36,max,0,26.0,53,34.6,0.147,0.601,0.311,9.9,0.494,22.69194162081285,4.668058379187148,4.668058379187148
Kyrie Irving,2020-21,BRK,33460350.0,30.66,max,0,29.0,54,34.9,0.149,0.614,0.297,10.2,0.506,25.993688523851308,4.666311476148692,4.666311476148692
Will Barton,2019-20,DEN,12776786.0,11.71,starter,0,29.0,58,33.0,0.109,0.549,0.197,5.7,0.45,16.373441313193325,-4.663441313193324,4.663441313193324
Dillon Brooks,2025-26,PHO,21124110.0,13.66,starter,0,30.0,56,30.4,0.088,0.54,0.279,7.4,0.435,18.32331765005907,-4.663317650059071,4.663317650059071
Cameron Payne,2021-22,PHO,6500000.0,5.78,bench,0,27.0,58,22.0,0.107,0.5,0.235,4.1,0.409,10.442533325488373,-4.662533325488373,4.662533325488373
Rui Hachimura,2019-20,WAS,4469160.0,4.09,bench,0,22.0,48,30.1,0.091,0.535,0.189,5.3,0.466,8.748327040613884,-4.658327040613884,4.658327040613884
JaMychal Green,2019-20,LAC,4767000.0,4.37,bench,1,30.0,63,20.7,0.083,0.576,0.132,2.4,0.429,9.023122757583883,-4.6531227575838825,4.6531227575838825
Victor Oladipo,2019-20,IND,21000000.0,19.24,star,0,28.0,19,27.8,0.086,0.506,0.259,5.1,0.394,14.591667495895866,4.648332504104133,4.648332504104133
Myles Turner,2017-18,IND,2569920.0,2.6,bench,1,22.0,65,28.2,0.1,0.567,0.199,4.7,0.479,7.247627974744984,-4.647627974744983,4.647627974744983
Robert Williams,2021-22,BOS,3661976.0,3.26,bench,1,24.0,61,29.6,0.14,0.745,0.112,4.4,0.736,7.9024373067235105,-4.642437306723511,4.642437306723511
Frank Ntilikina,2019-20,NYK,4855800.0,4.45,bench,1,21.0,57,20.8,0.063,0.497,0.152,2.3,0.393,-0.1911846883341462,4.641184688334146,4.641184688334146
Dennis Smith,2017-18,DAL,3218280.0,3.25,bench,0,20.0,69,29.7,0.087,0.473,0.28,5.9,0.395,7.886771123114295,-4.636771123114295,4.636771123114295
Kevin Love,2016-17,CLE,21165675.0,22.48,star,0,28.0,60,31.4,0.148,0.573,0.253,6.2,0.427,17.844875533456403,4.635124466543598,4.635124466543598
Markieff Morris,2019-20,TOT,3991808.0,3.66,bench,0,30.0,58,20.5,0.084,0.565,0.202,3.5,0.443,8.294802404597503,-4.634802404597503,4.634802404597503
Caleb Houstan,2023-24,ORL,2000000.0,1.47,bench,0,21.0,59,13.8,0.051,0.582,0.122,1.4,0.388,-3.1585499267550783,4.6285499267550785,4.6285499267550785
Juan Hernangomez,2016-17,DEN,1987440.0,2.11,bench,0,21.0,62,13.6,0.086,0.592,0.139,1.6,0.451,-2.5161685169853754,4.626168516985375,4.626168516985375
LeBron James,2018-19,LAL,35654150.0,35.0,max,0,34.0,55,35.2,0.188,0.588,0.311,10.1,0.51,30.37387562431438,4.62612437568562,4.62612437568562
De'Andre Hunter,2023-24,ATL,20089286.0,14.77,starter,0,26.0,57,29.5,0.079,0.595,0.204,5.3,0.459,10.145508020712535,4.624491979287464,4.624491979287464
Evan Fournier,2021-22,NYK,17142857.0,15.25,star,0,29.0,80,29.5,0.074,0.554,0.201,5.0,0.417,10.626337076347115,4.623662923652885,4.623662923652885
Ayo Dosunmu,2024-25,CHI,7000000.0,4.98,bench,0,25.0,46,30.3,0.084,0.585,0.163,4.8,0.492,9.598906838011999,-4.618906838011998,4.618906838011998
Matthew Dellavedova,2017-18,MIL,9607500.0,9.7,starter,0,27.0,38,18.7,0.061,0.5,0.134,1.4,0.362,5.0867366236478215,4.613263376352178,4.613263376352178
Daniel Theis,2019-20,BOS,5000000.0,4.58,bench,0,28.0,65,24.1,0.108,0.631,0.144,3.7,0.566,9.191794898633278,-4.611794898633278,4.611794898633278
RJ Barrett,2021-22,NYK,8623920.0,7.67,bench,1,22.0,70,34.5,0.099,0.511,0.268,7.0,0.408,12.27984172291813,-4.60984172291813,4.60984172291813
Mason Plumlee,2018-19,DEN,12917808.0,12.68,starter,0,29.0,82,21.1,0.115,0.602,0.159,3.2,0.593,8.073111064003937,4.6068889359960625,4.6068889359960625
Reggie Bullock,2019-20,NYK,4000000.0,3.67,bench,0,29.0,29,23.6,0.058,0.502,0.153,3.1,0.402,8.274324142487913,-4.604324142487913,4.604324142487913
Asa Newell,2025-26,ATL,3237480.0,2.09,bench,0,20.0,44,11.4,0.074,0.624,0.16,2.1,0.538,-2.514216323689346,4.6042163236893465,4.6042163236893465
AJ Griffin,2022-23,ATL,3536160.0,2.86,bench,0,19.0,72,19.5,0.077,0.577,0.174,3.4,0.465,-1.7396845352343209,4.599684535234321,4.599684535234321
Caleb Houstan,2022-23,ORL,2000000.0,1.62,bench,0,20.0,51,15.9,0.038,0.508,0.107,1.3,0.363,-2.9779497917035562,4.597949791703556,4.597949791703556
Mike Scott,2017-18,WAS,1471382.0,1.49,bench,1,29.0,76,18.5,0.096,0.599,0.194,3.6,0.527,6.086592283380437,-4.596592283380437,4.596592283380437
Nickeil Alexander-Walker,2025-26,ATL,15161800.0,9.8,starter,0,27.0,78,33.4,0.105,0.61,0.23,7.0,0.459,14.383419920779978,-4.583419920779978,4.583419920779978
Kevin Huerter,2020-21,ATL,2761920.0,2.53,bench,1,22.0,69,30.8,0.077,0.541,0.167,4.6,0.432,7.112722775142349,-4.582722775142349,4.582722775142349
Kemba Walker,2016-17,CHO,12000000.0,12.75,starter,0,27.0,79,34.7,0.137,0.569,0.286,8.1,0.444,17.32520895622863,-4.575208956228629,4.575208956228629
CJ McCollum,2020-21,POR,29354152.0,26.9,max,0,29.0,47,34.0,0.123,0.577,0.265,8.6,0.458,22.332118761619704,4.567881238380295,4.567881238380295
Jared McCain,2024-25,PHI,4020360.0,2.86,bench,0,21.0,23,25.7,0.106,0.589,0.243,5.5,0.46,7.427490425554355,-4.567490425554356,4.567490425554356
Jalen Green,2024-25,HOU,12483048.0,8.88,starter,1,23.0,82,32.9,0.111,0.544,0.267,7.4,0.423,13.442784553401406,-4.562784553401405,4.562784553401405
Taurean Prince,2023-24,LAL,4516000.0,3.32,bench,0,30.0,78,27.0,0.056,0.579,0.134,3.2,0.442,7.863830753872786,-4.543830753872786,4.543830753872786
Shaedon Sharpe,2023-24,POR,6313800.0,4.64,bench,0,21.0,32,33.1,0.08,0.524,0.22,5.5,0.406,9.183177707444912,-4.5431777074449124,4.5431777074449124
Amir Johnson,2018-19,PHI,2393887.0,2.35,bench,0,32.0,51,10.4,0.08,0.574,0.169,1.5,0.503,6.891801627320144,-4.541801627320144,4.541801627320144
Nikola Jokić,2024-25,DEN,51415938.0,36.57,max,0,30.0,70,36.7,0.206,0.663,0.285,11.2,0.576,32.02937427222461,4.540625727775392,4.540625727775392
Caleb Martin,2023-24,MIA,6802950.0,5.0,bench,1,28.0,64,27.4,0.075,0.531,0.168,3.8,0.431,9.540152120183398,-4.540152120183398,4.540152120183398
Kenrich Williams,2021-22,OKC,2000000.0,1.78,bench,0,27.0,49,21.9,0.101,0.532,0.153,3.0,0.461,6.3199917338923415,-4.539991733892341,4.539991733892341
Jordan Clarkson,2016-17,LAL,12500000.0,13.28,starter,0,25.0,82,29.2,0.084,0.526,0.228,5.8,0.445,8.746746681781495,4.533253318218504,4.533253318218504
Vince Carter,2017-18,SAC,8000000.0,8.08,starter,0,41.0,58,17.7,0.073,0.523,0.144,2.0,0.403,12.610232213884872,-4.530232213884872,4.530232213884872
Ousmane Dieng,2022-23,OKC,4569840.0,3.7,bench,0,20.0,39,14.6,0.074,0.505,0.154,1.9,0.42,-0.8271579267520224,4.5271579267520226,4.5271579267520226
Amir Johnson,2017-18,PHI,11000000.0,11.11,starter,0,31.0,74,15.8,0.088,0.575,0.125,1.9,0.538,6.5865766404623125,4.523423359537687,4.523423359537687
Lonzo Ball,2021-22,CHI,18604651.0,16.55,star,0,24.0,35,34.6,0.097,0.575,0.17,4.6,0.423,12.035877817426709,4.514122182573292,4.514122182573292
Caleb Houstan,2024-25,ORL,2019699.0,1.44,bench,0,22.0,58,13.6,0.061,0.605,0.115,1.4,0.421,-3.07408578365735,4.51408578365735,4.51408578365735
Josh Green,2021-22,DAL,2957520.0,2.63,bench,0,21.0,67,15.5,0.072,0.578,0.13,1.9,0.508,-1.8826278852765073,4.512627885276507,4.512627885276507
Cedi Osman,2017-18,CLE,2642857.0,2.67,bench,0,23.0,61,11.0,0.067,0.577,0.151,1.5,0.484,-1.8387777437456132,4.508777743745613,4.508777743745613
Brandin Podziemski,2025-26,GSW,3687960.0,2.38,bench,0,23.0,82,28.4,0.114,0.583,0.196,4.8,0.455,6.887030600213286,-4.5070306002132865,4.5070306002132865
Precious Achiuwa,2020-21,MIA,2582160.0,2.37,bench,0,21.0,61,12.1,0.086,0.55,0.184,2.0,0.544,-2.131128617931674,4.501128617931674,4.501128617931674
Coby White,2024-25,CHI,12000000.0,8.54,starter,0,25.0,74,33.1,0.103,0.601,0.237,6.9,0.453,13.039318278686624,-4.499318278686625,4.499318278686625
Moritz Wagner,2022-23,ORL,1878720.0,1.52,bench,1,26.0,57,19.5,0.115,0.63,0.201,3.5,0.5,6.0176000017890345,-4.497600001789035,4.497600001789035
Brandon Clarke,2021-22,MEM,2726880.0,2.43,bench,1,25.0,64,19.5,0.141,0.66,0.171,4.5,0.644,6.924905030841481,-4.4949050308414815,4.4949050308414815
Markelle Fultz,2023-24,ORL,17000000.0,12.5,starter,0,26.0,43,21.2,0.086,0.492,0.182,3.6,0.472,8.005639930178852,4.494360069821148,4.494360069821148
Pat Connaughton,2021-22,MIL,5333333.0,4.74,bench,0,29.0,65,26.0,0.089,0.62,0.137,3.5,0.458,9.219128232468835,-4.479128232468835,4.479128232468835
Jamal Murray,2017-18,DEN,3355320.0,3.39,bench,0,21.0,81,31.7,0.096,0.576,0.223,5.9,0.451,7.861929110761512,-4.471929110761511,4.471929110761511
Jusuf Nurkić,2021-22,POR,12000000.0,10.67,starter,1,27.0,56,28.2,0.142,0.586,0.233,5.7,0.535,15.140685990957843,-4.470685990957843,4.470685990957843
Luguentz Dort,2025-26,OKC,18222222.0,11.78,starter,0,27.0,69,26.8,0.049,0.524,0.139,2.9,0.385,7.309960471277108,4.470039528722891,4.470039528722891
James Johnson,2018-19,MIA,14651700.0,14.38,starter,0,32.0,55,21.2,0.079,0.522,0.177,3.0,0.433,9.914075978223794,4.465924021776207,4.465924021776207
Draymond Green,2016-17,GSW,15330435.0,16.28,star,0,27.0,76,32.5,0.117,0.522,0.159,3.6,0.418,11.817483742694082,4.46251625730592,4.46251625730592
Michael Carter-Williams,2019-20,ORL,2028594.0,1.86,bench,1,28.0,45,18.5,0.096,0.535,0.175,2.5,0.427,6.320021301922559,-4.460021301922558,4.460021301922558
Malik Monk,2025-26,SAC,18797619.0,12.16,starter,0,28.0,62,22.0,0.094,0.568,0.234,4.5,0.438,7.701847701386085,4.458152298613915,4.458152298613915
Damion Lee,2022-23,PHO,1836090.0,1.48,bench,1,30.0,74,20.4,0.084,0.607,0.155,2.7,0.442,5.935626091273738,-4.4556260912737375,4.4556260912737375
Isaac Okoro,2021-22,CLE,6720720.0,5.98,bench,0,21.0,67,29.6,0.057,0.589,0.123,3.1,0.48,1.527393222713849,4.452606777286151,4.452606777286151
Naji Marshall,2024-25,DAL,8571429.0,6.1,bench,0,27.0,69,27.8,0.105,0.584,0.197,5.2,0.508,10.551300216955012,-4.451300216955012,4.451300216955012
Zach Collins,2017-18,POR,3057240.0,3.09,bench,0,20.0,66,15.8,0.052,0.475,0.153,1.7,0.398,-1.3548454478274252,4.444845447827425,4.444845447827425
Jrue Holiday,2022-23,MIL,33665040.0,27.22,max,0,33.0,67,32.6,0.135,0.586,0.244,7.3,0.479,22.780127400199365,4.439872599800633,4.439872599800633
Sam Merrill,2024-25,CLE,2164993.0,1.54,bench,1,29.0,71,19.7,0.069,0.583,0.14,2.4,0.406,5.9788460568381225,-4.4388460568381225,4.4388460568381225
Luguentz Dort,2022-23,OKC,15277778.0,12.36,starter,0,24.0,74,30.7,0.062,0.513,0.194,4.6,0.388,7.922098068333755,4.437901931666245,4.437901931666245
Miles McBride,2022-23,NYK,1563518.0,1.26,bench,0,22.0,64,11.9,0.049,0.475,0.141,1.2,0.358,-3.173621855416526,4.433621855416526,4.433621855416526
Darius Garland,2020-21,CLE,6720720.0,6.16,bench,0,21.0,54,33.1,0.101,0.547,0.245,6.7,0.451,10.58941265211956,-4.429412652119559,4.429412652119559
Mikal Bridges,2020-21,PHO,4359000.0,3.99,bench,1,24.0,72,32.6,0.099,0.667,0.147,5.0,0.543,8.413627138540596,-4.423627138540596,4.423627138540596
Kevin Huerter,2023-24,SAC,15669643.0,11.52,starter,0,25.0,64,24.4,0.077,0.564,0.173,3.9,0.443,7.1019985865679605,4.418001413432039,4.418001413432039
Pat Connaughton,2018-19,MIL,1641000.0,1.61,bench,0,26.0,61,20.7,0.094,0.573,0.13,2.7,0.466,6.021301542972311,-4.411301542972311,4.411301542972311
Victor Wembanyama,2023-24,SAS,12160680.0,8.94,starter,0,20.0,71,29.7,0.162,0.565,0.312,7.8,0.465,13.351106620045677,-4.411106620045677,4.411106620045677
Aron Baynes,2020-21,TOR,7000000.0,6.41,bench,0,34.0,53,18.5,0.07,0.503,0.157,2.5,0.441,10.812764673591046,-4.4027646735910455,4.4027646735910455
Austin Rivers,2020-21,TOT,3799694.0,3.48,bench,0,28.0,36,23.5,0.067,0.551,0.15,2.9,0.424,7.88026167115557,-4.400261671155571,4.400261671155571
Justise Winslow,2020-21,MEM,13000000.0,11.91,starter,0,25.0,26,19.5,0.06,0.395,0.212,2.8,0.352,7.513538848252429,4.396461151747571,4.396461151747571
Wesley Matthews,2020-21,LAL,3623000.0,3.32,bench,0,34.0,58,19.5,0.044,0.517,0.111,1.5,0.353,7.71622191689966,-4.396221916899661,4.396221916899661
Malcolm Brogdon,2022-23,BOS,22600000.0,18.28,star,0,30.0,67,26.0,0.133,0.615,0.223,5.3,0.484,13.885764140383722,4.394235859616279,4.394235859616279
Tyus Jones,2020-21,MEM,7965100.0,7.3,bench,0,25.0,70,17.5,0.113,0.511,0.165,2.5,0.431,2.906974155954453,4.393025844045547,4.393025844045547
Patrick Beverley,2016-17,HOU,6000000.0,6.37,bench,0,28.0,67,30.7,0.085,0.546,0.14,3.4,0.42,10.755411849279058,-4.385411849279058,4.385411849279058
Cameron Payne,2024-25,NYK,2087519.0,1.48,bench,0,30.0,72,15.1,0.089,0.532,0.2,2.5,0.401,5.863273154465928,-4.383273154465927,4.383273154465927
Luke Kornet,2024-25,BOS,2087519.0,1.48,bench,1,29.0,73,18.6,0.114,0.683,0.111,2.6,0.668,5.860061879628755,-4.380061879628755,4.380061879628755
Matas Buzelis,2024-25,CHI,5195520.0,3.7,bench,0,20.0,80,18.9,0.079,0.571,0.181,3.2,0.454,-0.6792319341175717,4.379231934117572,4.379231934117572
Devin Booker,2023-24,PHO,36016200.0,26.48,max,1,27.0,68,36.0,0.142,0.611,0.289,9.4,0.492,22.102302872794805,4.377697127205195,4.377697127205195
Aaron Nesmith,2020-21,BOS,3458400.0,3.17,bench,0,21.0,46,14.5,0.06,0.573,0.133,1.7,0.438,-1.2029945736156626,4.372994573615663,4.372994573615663
Domantas Sabonis,2022-23,SAC,18500000.0,14.96,starter,1,27.0,79,34.6,0.161,0.668,0.213,7.3,0.615,19.328673934535395,-4.368673934535394,4.368673934535394
Talen Horton-Tucker,2023-24,UTA,11020000.0,8.1,starter,0,23.0,51,19.8,0.089,0.503,0.234,3.6,0.396,3.739965945109426,4.360034054890574,4.360034054890574
Keldon Johnson,2020-21,SAS,2048040.0,1.88,bench,0,21.0,69,28.5,0.091,0.557,0.189,4.9,0.479,6.224941403740113,-4.344941403740113,4.344941403740113
Gary Trent,2024-25,MIL,2087519.0,1.48,bench,0,26.0,74,25.6,0.07,0.591,0.168,3.8,0.431,5.823237018030372,-4.343237018030372,4.343237018030372
Brad Wanamaker,2019-20,BOS,1355341.0,1.24,bench,1,30.0,71,19.3,0.086,0.577,0.152,2.3,0.448,5.570891344780734,-4.330891344780734,4.330891344780734
Caris LeVert,2017-18,BRK,1632480.0,1.65,bench,0,23.0,71,26.2,0.099,0.525,0.216,4.5,0.435,5.978391259278159,-4.32839125927816,4.32839125927816
Chet Holmgren,2025-26,OKC,13731368.0,8.88,starter,0,24.0,69,28.9,0.154,0.653,0.214,6.3,0.557,13.204074949893416,-4.324074949893415,4.324074949893415
Joel Embiid,2020-21,PHI,29542010.0,27.07,max,0,27.0,51,31.1,0.203,0.636,0.352,9.0,0.513,22.747553377479083,4.322446622520918,4.322446622520918
Carmelo Anthony,2016-17,NYK,24559380.0,26.09,max,0,33.0,74,34.3,0.118,0.535,0.286,8.1,0.433,21.777849780578666,4.3121502194213335,4.3121502194213335
Anthony Davis,2022-23,LAL,37980720.0,30.72,max,0,30.0,56,34.0,0.186,0.627,0.277,9.7,0.563,26.4092637894389,4.3107362105611,4.3107362105611
Frank Ntilikina,2018-19,NYK,4155720.0,4.08,bench,0,20.0,43,21.0,0.039,0.417,0.163,2.2,0.337,-0.22259674782943867,4.302596747829439,4.302596747829439
Gary Trent,2022-23,TOR,17505000.0,14.16,starter,0,24.0,66,32.1,0.091,0.56,0.209,6.1,0.433,9.859913106618105,4.300086893381895,4.300086893381895
Thon Maker,2017-18,MIL,2684160.0,2.71,bench,0,21.0,74,16.7,0.05,0.499,0.147,1.8,0.411,-1.5790845361392027,4.289084536139203,4.289084536139203
Lou Williams,2021-22,ATL,5000000.0,4.45,bench,0,35.0,56,14.3,0.083,0.5,0.215,2.2,0.391,8.7389446706901,-4.288944670690101,4.288944670690101
Gary Harris,2022-23,ORL,13000000.0,10.51,starter,0,28.0,48,24.7,0.058,0.62,0.125,2.9,0.45,6.224261278010287,4.285738721989713,4.285738721989713
Stephon Castle,2025-26,SAS,9560520.0,6.18,bench,0,21.0,68,30.0,0.117,0.575,0.243,5.7,0.471,10.46195497679896,-4.281954976798961,4.281954976798961
Tim Hardaway,2020-21,DAL,18975000.0,17.39,star,0,29.0,70,28.4,0.102,0.589,0.23,5.8,0.447,13.109699371987485,4.280300628012515,4.280300628012515
Bruce Brown,2020-21,BRK,1663861.0,1.52,bench,1,24.0,65,22.3,0.098,0.604,0.157,3.6,0.556,5.796444482673678,-4.2764444826736785,4.2764444826736785
LeBron James,2016-17,CLE,30963450.0,32.89,max,0,32.0,74,37.8,0.183,0.619,0.292,9.9,0.548,28.6193351102981,4.2706648897019015,4.2706648897019015
Rodney Hood,2019-20,POR,5718000.0,5.24,bench,1,27.0,21,29.5,0.074,0.625,0.137,4.1,0.506,9.50917356450863,-4.26917356450863,4.26917356450863
Josh Giddey,2024-25,CHI,8352367.0,5.94,bench,1,22.0,70,30.2,0.13,0.57,0.214,5.3,0.465,10.20782216816342,-4.267822168163419,4.267822168163419
Luke Kennard,2021-22,LAC,12727273.0,11.32,starter,0,26.0,70,27.4,0.095,0.619,0.16,4.1,0.449,7.056144222834863,4.263855777165137,4.263855777165137
Jaylin Williams,2024-25,OKC,2019699.0,1.44,bench,1,23.0,47,16.7,0.124,0.594,0.141,2.1,0.439,5.698790529384518,-4.258790529384518,4.258790529384518
Maurice Harkless,2016-17,POR,8988764.0,9.55,starter,0,24.0,77,28.9,0.069,0.57,0.149,4.1,0.503,5.297974347979825,4.252025652020175,4.252025652020175
Sam Hauser,2024-25,BOS,2092344.0,1.49,bench,1,27.0,71,21.7,0.083,0.632,0.14,3.0,0.451,5.737703581506813,-4.247703581506813,4.247703581506813
Buddy Hield,2024-25,GSW,8780488.0,6.25,bench,0,32.0,82,22.7,0.085,0.56,0.196,4.0,0.417,10.496989488413126,-4.246989488413126,4.246989488413126
Bojan Bogdanović,2018-19,IND,10500000.0,10.31,starter,1,30.0,81,31.8,0.111,0.613,0.219,6.4,0.497,14.555055981856968,-4.245055981856968,4.245055981856968
Dante Exum,2023-24,DAL,3000000.0,2.21,bench,0,28.0,55,19.8,0.093,0.645,0.148,2.9,0.533,6.448460306864434,-4.238460306864434,4.238460306864434
LeBron James,2025-26,LAL,52627153.0,34.03,max,0,41.0,60,33.2,0.154,0.594,0.262,7.9,0.515,29.797650656849783,4.232349343150219,4.232349343150219
Gabe Vincent,2021-22,MIA,1669178.0,1.48,bench,0,26.0,68,23.4,0.07,0.551,0.174,3.1,0.417,5.707494212791559,-4.227494212791559,4.227494212791559
Cody Zeller,2020-21,CHO,15415730.0,14.12,starter,0,28.0,48,20.9,0.114,0.599,0.177,3.8,0.559,9.892866429616577,4.2271335703834225,4.2271335703834225
Tim Hardaway,2021-22,DAL,21306816.0,18.95,star,0,30.0,42,29.6,0.089,0.52,0.214,5.0,0.394,14.726330127886348,4.223669872113652,4.223669872113652
Kyle Korver,2017-18,CLE,7000000.0,7.07,bench,0,37.0,73,21.6,0.083,0.652,0.154,3.0,0.459,11.286685469177211,-4.216685469177211,4.216685469177211
Kentavious Caldwell-Pope,2025-26,MEM,21621500.0,13.98,starter,0,33.0,51,21.3,0.083,0.533,0.173,2.9,0.41,9.76581302696975,4.21418697303025,4.21418697303025
Markieff Morris,2016-17,WAS,7400000.0,7.86,bench,0,27.0,76,31.2,0.089,0.54,0.203,5.3,0.457,12.073184758990685,-4.213184758990685,4.213184758990685
R.J. Hampton,2022-23,TOT,2898243.0,2.34,bench,0,22.0,47,15.9,0.074,0.558,0.175,2.2,0.43,-1.8724946695809088,4.2124946695809085,4.2124946695809085
Aron Baynes,2017-18,BOS,4328000.0,4.37,bench,0,31.0,81,18.3,0.087,0.502,0.166,2.6,0.471,8.581672635018592,-4.211672635018592,4.211672635018592
Norman Powell,2018-19,TOR,9367200.0,9.2,starter,0,26.0,60,18.8,0.092,0.596,0.182,3.2,0.483,4.990549886936519,4.209450113063481,4.209450113063481
Marquese Chriss,2016-17,PHO,2941440.0,3.12,bench,0,19.0,82,21.3,0.063,0.529,0.194,3.5,0.449,-1.0891475794850929,4.2091475794850925,4.2091475794850925
Tyus Jones,2022-23,MEM,15000000.0,12.13,starter,0,27.0,80,24.2,0.116,0.546,0.175,3.9,0.438,7.922854396969226,4.207145603030774,4.207145603030774
Khris Middleton,2023-24,MIL,29320988.0,21.56,star,0,32.0,55,27.0,0.117,0.595,0.23,5.8,0.493,17.357094950731458,4.202905049268541,4.202905049268541
Hugo González,2025-26,BOS,2783880.0,1.8,bench,0,20.0,74,14.6,0.067,0.561,0.114,1.6,0.476,-2.400975381163118,4.200975381163118,4.200975381163118
Jonas Valančiūnas,2022-23,NOP,14700000.0,11.89,starter,0,31.0,79,24.9,0.14,0.61,0.229,5.6,0.547,16.090366887662373,-4.200366887662373,4.200366887662373
Marvin Williams,2017-18,CHO,13168750.0,13.3,starter,0,32.0,78,25.7,0.093,0.603,0.145,3.3,0.458,9.09995596962973,4.20004403037027,4.20004403037027
Eric Bledsoe,2021-22,POR,18125000.0,16.12,star,0,32.0,54,25.2,0.095,0.514,0.198,3.6,0.421,11.92421135524378,4.19578864475622,4.19578864475622
PJ Dozier,2020-21,DEN,1762796.0,1.62,bench,0,24.0,50,21.8,0.076,0.501,0.166,3.0,0.417,5.815408353953613,-4.195408353953613,4.195408353953613
Torrey Craig,2019-20,DEN,2000000.0,1.83,bench,0,29.0,58,18.5,0.056,0.553,0.123,2.1,0.461,6.020966194879258,-4.190966194879258,4.190966194879258
Andrew Wiggins,2017-18,MIN,7574322.0,7.65,bench,1,23.0,82,36.3,0.076,0.505,0.228,6.9,0.438,11.83619681894271,-4.18619681894271,4.18619681894271
Josh Christopher,2021-22,HOU,2259240.0,2.01,bench,0,20.0,74,18.0,0.083,0.534,0.205,3.0,0.448,-2.1758503320277733,4.185850332027773,4.185850332027773
Kent Bazemore,2021-22,LAL,2401537.0,2.14,bench,0,32.0,39,14.0,0.032,0.451,0.128,1.2,0.324,6.322962532153269,-4.182962532153269,4.182962532153269
Dennis Schröder,2018-19,OKC,15500000.0,15.22,star,0,25.0,79,29.3,0.093,0.508,0.238,5.8,0.414,11.039024898984358,4.180975101015642,4.180975101015642
Frank Kaminsky,2019-20,PHO,4767000.0,4.37,bench,0,27.0,39,19.9,0.099,0.545,0.204,3.5,0.45,8.547611604125464,-4.177611604125464,4.177611604125464
Gerald Green,2016-17,BOS,1410598.0,1.5,bench,1,31.0,47,11.4,0.081,0.524,0.223,2.0,0.409,5.676858841533551,-4.176858841533551,4.176858841533551
Doug McDermott,2020-21,IND,7333333.0,6.72,bench,1,29.0,66,24.5,0.096,0.635,0.194,5.4,0.532,10.89576006718622,-4.1757600671862205,4.1757600671862205
Killian Hayes,2021-22,DET,5572680.0,4.96,bench,0,20.0,66,25.0,0.066,0.461,0.154,2.7,0.383,0.789103859094017,4.170896140905983,4.170896140905983
Jeff Teague,2018-19,MIN,19000000.0,18.65,star,0,31.0,42,30.1,0.103,0.528,0.186,4.2,0.423,14.480063607583693,4.1699363924163055,4.1699363924163055
Al Horford,2022-23,BOS,26500000.0,21.43,star,0,37.0,63,30.5,0.095,0.631,0.119,3.6,0.476,17.2602385681392,4.169761431860799,4.169761431860799
Austin Rivers,2019-20,HOU,2174318.0,1.99,bench,1,27.0,68,23.4,0.063,0.542,0.153,3.1,0.421,6.155711768134724,-4.165711768134724,4.165711768134724
Cameron Payne,2020-21,PHO,1977011.0,1.81,bench,1,26.0,60,18.0,0.117,0.602,0.193,3.2,0.484,5.965504960070222,-4.155504960070221,4.155504960070221
Grant Williams,2019-20,BOS,2379840.0,2.18,bench,0,21.0,69,15.1,0.038,0.505,0.112,1.3,0.412,-1.9730878002265309,4.1530878002265315,4.1530878002265315
Jaxson Hayes,2021-22,NOP,5348280.0,4.76,bench,1,22.0,70,20.0,0.11,0.68,0.159,3.5,0.616,0.6097127842223903,4.15028721577761,4.15028721577761
Donovan Clingan,2025-26,POR,7178400.0,4.64,bench,0,22.0,77,27.2,0.139,0.604,0.163,4.6,0.52,8.789958037160735,-4.149958037160736,4.149958037160736
Alperen Şengün,2025-26,HOU,33944954.0,21.95,star,0,23.0,72,33.3,0.142,0.569,0.259,8.1,0.519,17.801340695701043,4.148659304298956,4.148659304298956
Jordan Goodwin,2023-24,TOT,2043971.0,1.5,bench,0,25.0,57,18.5,0.097,0.451,0.182,2.5,0.369,5.640299849376873,-4.140299849376873,4.140299849376873
DeMarre Carroll,2018-19,BRK,15400000.0,15.12,star,0,32.0,67,25.4,0.092,0.546,0.181,3.4,0.395,10.980613050073245,4.139386949926754,4.139386949926754
Omri Casspi,2018-19,MEM,2176260.0,2.14,bench,0,31.0,36,14.5,0.118,0.606,0.17,2.4,0.534,6.279074146451986,-4.139074146451986,4.139074146451986
D'Angelo Russell,2017-18,BRK,5562360.0,5.62,bench,1,22.0,48,25.7,0.109,0.509,0.295,5.8,0.414,9.749140741159438,-4.129140741159438,4.129140741159438
Cody Zeller,2019-20,CHO,14471910.0,13.26,starter,0,27.0,58,23.1,0.114,0.576,0.201,4.3,0.524,9.13089001882122,4.129109981178781,4.129109981178781
Cedi Osman,2018-19,CLE,2775000.0,2.72,bench,0,24.0,76,32.2,0.075,0.536,0.182,4.7,0.427,6.8462837217565875,-4.126283721756588,4.126283721756588
Danuel House,2020-21,HOU,3717000.0,3.41,bench,0,28.0,36,25.9,0.065,0.525,0.153,3.1,0.404,7.536282273112857,-4.126282273112857,4.126282273112857
Keyonte George,2024-25,UTA,4084200.0,2.91,bench,0,21.0,67,31.5,0.093,0.539,0.237,5.4,0.391,7.0354584291507285,-4.125458429150728,4.125458429150728
James Harden,2022-23,PHI,33000000.0,26.69,max,0,33.0,58,36.8,0.159,0.607,0.247,6.4,0.441,22.568272241270044,4.121727758729957,4.121727758729957
Dāvis Bertāns,2019-20,WAS,7000000.0,6.41,bench,1,27.0,54,29.3,0.094,0.628,0.183,4.9,0.434,10.529256587964714,-4.119256587964713,4.119256587964713
Dwight Powell,2018-19,DAL,9631250.0,9.45,starter,0,27.0,77,21.6,0.123,0.682,0.167,3.8,0.597,5.340238573092466,4.109761426907533,4.109761426907533
Javonte Green,2021-22,CHI,1669178.0,1.48,bench,0,28.0,65,23.4,0.077,0.637,0.113,2.7,0.542,5.5864755600663,-4.1064755600663005,4.1064755600663005
Cameron Payne,2017-18,CHI,2203440.0,2.23,bench,1,23.0,25,23.3,0.088,0.498,0.183,3.5,0.405,6.335218144665776,-4.105218144665775,4.105218144665775
Avery Bradley,2021-22,LAL,2641691.0,2.35,bench,0,31.0,62,22.7,0.045,0.55,0.119,2.4,0.423,6.453246435500025,-4.103246435500026,4.103246435500026
Aron Baynes,2018-19,BOS,5193600.0,5.1,bench,0,32.0,51,16.1,0.083,0.567,0.147,2.1,0.471,9.199596485114585,-4.099596485114585,4.099596485114585
Jerami Grant,2021-22,DET,20002500.0,17.79,star,0,28.0,47,31.9,0.112,0.556,0.253,6.3,0.426,13.690769842530765,4.0992301574692345,4.0992301574692345
Chris Paul,2023-24,GSW,30800000.0,22.64,star,0,39.0,58,26.4,0.116,0.544,0.154,3.6,0.441,18.543649698734505,4.096350301265495,4.096350301265495
Sam Hauser,2023-24,BOS,1927896.0,1.42,bench,0,26.0,79,22.0,0.086,0.629,0.146,3.2,0.446,5.514236253868371,-4.094236253868371,4.094236253868371
Isaac Okoro,2024-25,CLE,10185186.0,7.24,bench,0,24.0,55,19.1,0.057,0.587,0.124,2.3,0.464,3.1474207819580515,4.092579218041949,4.092579218041949
Christian Wood,2019-20,DET,1645357.0,1.51,bench,1,24.0,62,21.4,0.153,0.659,0.223,4.6,0.567,5.602133042726433,-4.0921330427264335,4.0921330427264335
Maurice Harkless,2018-19,POR,10837079.0,10.64,starter,0,26.0,60,23.6,0.073,0.547,0.135,3.2,0.487,6.551109996059347,4.088890003940653,4.088890003940653
De'Anthony Melton,2023-24,PHI,8000000.0,5.88,bench,1,26.0,38,26.9,0.079,0.533,0.177,3.7,0.386,9.962990027437046,-4.082990027437046,4.082990027437046
Lance Stephenson,2017-18,IND,4180000.0,4.22,bench,0,27.0,82,22.6,0.097,0.495,0.208,3.7,0.427,8.302399257722751,-4.082399257722751,4.082399257722751
Raul Neto,2021-22,WAS,2089448.0,1.86,bench,0,30.0,70,19.6,0.085,0.538,0.18,2.9,0.463,5.938608522748843,-4.0786085227488424,4.0786085227488424
Terance Mann,2025-26,BRK,15500000.0,10.02,starter,0,29.0,63,24.3,0.066,0.564,0.133,2.7,0.457,5.942075586700092,4.0779244132999075,4.0779244132999075
Giannis Antetokounmpo,2023-24,MIL,45640084.0,33.55,max,0,29.0,73,35.2,0.197,0.649,0.32,11.5,0.611,29.474363684637453,4.075636315362544,4.075636315362544
P.J. Washington,2020-21,CHO,4023600.0,3.69,bench,0,22.0,64,30.5,0.089,0.549,0.191,4.7,0.44,7.7647511332464205,-4.074751133246421,4.074751133246421
Svi Mykhailiuk,2025-26,UTA,3675000.0,2.38,bench,0,28.0,50,23.1,0.074,0.626,0.143,3.5,0.478,6.4519132382482445,-4.071913238248245,4.071913238248245
Max Christie,2023-24,LAL,1719864.0,1.26,bench,1,21.0,67,14.1,0.063,0.544,0.132,1.5,0.427,-2.8117681585247087,4.0717681585247085,4.0717681585247085
Tristan Thompson,2018-19,CLE,17469565.0,17.15,star,0,28.0,43,27.9,0.121,0.551,0.175,4.7,0.529,13.081505294965709,4.06849470503429,4.06849470503429
Dario Saric,2016-17,PHI,2318280.0,2.46,bench,0,23.0,81,26.3,0.103,0.508,0.24,4.7,0.411,6.52621053832301,-4.06621053832301,4.06621053832301
Cam Spencer,2025-26,MEM,2537989.0,1.64,bench,0,26.0,72,23.8,0.12,0.649,0.166,3.7,0.473,5.703714682611501,-4.063714682611502,4.063714682611502
OG Anunoby,2019-20,TOR,2281800.0,2.09,bench,1,22.0,69,29.9,0.086,0.6,0.142,4.1,0.505,6.150883314055755,-4.060883314055755,4.060883314055755
Elfrid Payton,2020-21,NYK,5767000.0,5.28,bench,0,27.0,63,23.6,0.079,0.478,0.224,4.3,0.432,9.33683365958094,-4.056833659580939,4.056833659580939
Jarrett Allen,2021-22,CLE,20000000.0,17.79,star,0,24.0,56,32.3,0.16,0.698,0.177,6.6,0.677,13.7334375658545,4.0565624341454996,4.0565624341454996
Christian Braun,2022-23,DEN,2808600.0,2.27,bench,0,22.0,76,15.5,0.067,0.568,0.127,1.9,0.495,-1.7847754513408598,4.05477545134086,4.05477545134086
Monte Morris,2018-19,DEN,1349383.0,1.32,bench,0,24.0,82,24.0,0.113,0.577,0.168,4.2,0.493,5.362813255690771,-4.0428132556907705,4.0428132556907705
Tyreke Evans,2018-19,IND,12400000.0,12.17,starter,0,29.0,69,20.3,0.082,0.483,0.255,3.7,0.389,8.131628529441434,4.038371470558566,4.038371470558566
Sekou Doumbouya,2019-20,DET,3285120.0,3.01,bench,0,19.0,38,19.8,0.039,0.474,0.164,2.4,0.39,-1.024325993586123,4.034325993586123,4.034325993586123
Isaac Okoro,2020-21,CLE,6400920.0,5.86,bench,0,20.0,67,32.4,0.044,0.514,0.142,3.5,0.42,1.8275154344658349,4.0324845655341655,4.0324845655341655
Jusuf Nurkić,2025-26,UTA,19375000.0,12.53,starter,0,31.0,41,26.4,0.121,0.548,0.186,4.4,0.503,16.55184133851202,-4.02184133851202,4.02184133851202
Andre Drummond,2022-23,CHI,3200000.0,2.59,bench,0,29.0,67,12.7,0.156,0.606,0.196,2.5,0.606,6.59578186643619,-4.00578186643619,4.00578186643619
Georges Niang,2021-22,PHI,3300000.0,2.94,bench,0,29.0,76,22.8,0.066,0.594,0.16,3.2,0.437,6.945147738122672,-4.005147738122671,4.005147738122671
Tre Jones,2025-26,CHI,8000000.0,5.17,bench,0,26.0,65,27.0,0.126,0.637,0.186,5.2,0.553,9.168590950264768,-3.9985909502647683,3.9985909502647683
Klay Thompson,2024-25,DAL,15873016.0,11.29,starter,0,35.0,72,27.3,0.083,0.552,0.214,5.0,0.412,15.285080188597469,-3.99508018859747,3.99508018859747
Trey Burke,2016-17,WAS,3386598.0,3.6,bench,0,24.0,57,12.3,0.081,0.532,0.2,2.0,0.455,-0.39325079909981614,3.9932507990998163,3.9932507990998163
Rodney McGruder,2018-19,LAC,1544951.0,1.52,bench,1,27.0,66,23.5,0.068,0.51,0.147,2.8,0.403,5.5124091763034535,-3.9924091763034535,3.9924091763034535
Malik Monk,2018-19,CHO,3447480.0,3.38,bench,0,21.0,73,17.2,0.073,0.518,0.236,3.1,0.387,-0.6019959699571552,3.981995969957155,3.981995969957155
P.J. Tucker,2018-19,HOU,7969537.0,7.82,bench,0,34.0,82,34.2,0.056,0.547,0.094,2.5,0.396,11.79657281763973,-3.9765728176397293,3.9765728176397293
Julius Randle,2023-24,NYK,28226880.0,20.75,star,0,29.0,46,35.4,0.134,0.569,0.287,8.6,0.472,24.719031945719273,-3.969031945719273,3.969031945719273
Chimezie Metu,2021-22,SAC,1762796.0,1.57,bench,0,25.0,60,21.3,0.104,0.546,0.184,3.4,0.452,5.53747376645994,-3.96747376645994,3.96747376645994
Scottie Barnes,2022-23,TOR,7644600.0,6.18,bench,0,21.0,77,34.8,0.103,0.524,0.2,6.0,0.456,10.147399373081587,-3.9673993730815873,3.9673993730815873
Grayson Allen,2021-22,MIL,4054695.0,3.61,bench,1,26.0,66,27.3,0.081,0.609,0.148,3.9,0.448,7.575056708110262,-3.965056708110262,3.965056708110262
Dorian Finney-Smith,2019-20,DAL,4000000.0,3.67,bench,0,27.0,71,29.9,0.072,0.595,0.128,3.4,0.466,7.632133357030966,-3.9621333570309663,3.9621333570309663
Karl-Anthony Towns,2019-20,MIN,27285000.0,25.0,star,0,24.0,35,33.9,0.168,0.642,0.278,9.0,0.508,21.045118552710996,3.9548814472890044,3.9548814472890044
Ricky Rubio,2017-18,UTA,14275000.0,14.41,starter,0,27.0,77,29.3,0.115,0.537,0.222,4.5,0.418,10.457794271025058,3.952205728974942,3.952205728974942
Kris Dunn,2023-24,UTA,2586665.0,1.9,bench,1,30.0,66,18.9,0.078,0.546,0.132,2.2,0.47,5.851045081090768,-3.951045081090768,3.951045081090768
Jrue Holiday,2019-20,NOP,26131111.0,23.94,star,0,30.0,61,34.7,0.115,0.537,0.241,7.5,0.455,19.991483204777094,3.9485167952229077,3.9485167952229077
Bogdan Bogdanović,2019-20,SAC,8529386.0,7.82,bench,1,27.0,61,28.9,0.102,0.565,0.221,5.5,0.44,11.765685946978115,-3.9456859469781147,3.9456859469781147
Andre Roberson,2017-18,OKC,9259259.0,9.35,starter,0,26.0,39,26.6,0.065,0.543,0.085,2.2,0.537,5.4053594325821965,3.944640567417803,3.944640567417803
Lauri Markkanen,2019-20,CHI,5300400.0,4.86,bench,1,23.0,50,29.8,0.103,0.56,0.209,5.0,0.425,8.803376636888304,-3.9433766368883036,3.9433766368883036
Bismack Biyombo,2022-23,PHO,1836090.0,1.48,bench,1,30.0,61,14.3,0.086,0.555,0.136,2.0,0.578,5.42226985884551,-3.9422698588455103,3.9422698588455103
Facundo Campazzo,2021-22,DEN,2975000.0,2.65,bench,0,31.0,65,18.2,0.073,0.503,0.143,1.6,0.361,6.589988761411519,-3.9399887614115188,3.9399887614115188
Trey Murphy,2021-22,NOP,3053760.0,2.72,bench,0,22.0,62,13.9,0.08,0.558,0.147,1.8,0.394,-1.2192170202948813,3.9392170202948815,3.9392170202948815
Wilson Chandler,2016-17,DEN,11200000.0,11.9,starter,0,30.0,71,30.9,0.098,0.545,0.217,6.1,0.461,15.837574547161093,-3.937574547161093,3.937574547161093
Jordan Hawkins,2025-26,NOP,4741320.0,3.07,bench,0,24.0,51,13.6,0.055,0.48,0.175,1.8,0.366,-0.8629570376549274,3.932957037654927,3.932957037654927
Damian Lillard,2019-20,POR,29802321.0,27.31,max,0,29.0,66,37.5,0.168,0.627,0.294,9.5,0.463,23.377982735372154,3.932017264627845,3.932017264627845
Marco Belinelli,2018-19,SAS,6153846.0,6.04,bench,0,33.0,79,23.0,0.075,0.557,0.187,3.6,0.413,9.966790708372828,-3.9267907083728284,3.9267907083728284
Solomon Hill,2020-21,ATL,1620564.0,1.48,bench,1,30.0,71,21.3,0.045,0.498,0.102,1.5,0.359,5.404542740550062,-3.9245427405500624,3.9245427405500624
Kemba Walker,2017-18,CHO,12000000.0,12.12,starter,0,28.0,80,34.2,0.131,0.572,0.267,7.4,0.431,16.044234733330818,-3.9242347333308185,3.9242347333308185
Shelvin Mack,2016-17,UTA,2433334.0,2.58,bench,1,27.0,55,21.9,0.079,0.518,0.191,3.1,0.446,6.499783896724549,-3.9197838967245486,3.9197838967245486
Denzel Valentine,2017-18,CHI,2186400.0,2.21,bench,0,24.0,77,27.2,0.091,0.527,0.17,3.9,0.417,6.118307672805544,-3.9083076728055444,3.9083076728055444
Talen Horton-Tucker,2022-23,UTA,10260000.0,8.3,starter,0,22.0,65,20.2,0.1,0.508,0.25,4.0,0.419,4.393628775848027,3.9063712241519735,3.9063712241519735
Anfernee Simons,2022-23,POR,22321429.0,18.05,star,0,24.0,62,35.0,0.097,0.581,0.247,7.5,0.447,14.143717384436203,3.906282615563798,3.906282615563798
Lauri Markkanen,2017-18,CHI,3821640.0,3.86,bench,0,21.0,68,29.7,0.114,0.552,0.215,5.5,0.434,7.765317876242996,-3.905317876242996,3.905317876242996
Grayson Allen,2020-21,MEM,2545320.0,2.33,bench,1,25.0,50,25.2,0.084,0.586,0.164,3.5,0.418,6.231024601452871,-3.901024601452871,3.901024601452871
Nickeil Alexander-Walker,2019-20,NOP,2964840.0,2.72,bench,0,21.0,47,12.6,0.069,0.473,0.233,2.1,0.368,-1.1781315589694037,3.898131558969404,3.898131558969404
Isaiah Joe,2021-22,PHI,1517981.0,1.35,bench,1,22.0,55,11.1,0.051,0.519,0.144,1.1,0.35,-2.547097282549657,3.897097282549657,3.897097282549657
Duop Reath,2023-24,POR,1951220.0,1.43,bench,0,28.0,68,17.9,0.088,0.571,0.202,3.4,0.461,5.326505374370343,-3.896505374370343,3.896505374370343
Derrick White,2022-23,BOS,16892857.0,13.66,starter,0,28.0,82,28.3,0.1,0.604,0.174,4.3,0.462,9.770131072614001,3.889868927385999,3.889868927385999
Joe Ingles,2020-21,UTA,10863637.0,9.95,starter,0,33.0,67,27.9,0.112,0.672,0.162,4.1,0.489,13.839006826759931,-3.889006826759932,3.889006826759932
Jalen Brunson,2023-24,NYK,26346666.0,19.37,star,0,27.0,77,35.4,0.156,0.592,0.311,10.3,0.479,23.257447289938128,-3.8874472899381267,3.8874472899381267
Jaxson Hayes,2023-24,LAL,2165000.0,1.59,bench,0,24.0,70,12.5,0.079,0.718,0.121,1.8,0.72,-2.2969961981723515,3.8869961981723513,3.8869961981723513
Patrick Beverley,2018-19,LAC,5027028.0,4.93,bench,1,30.0,78,27.4,0.079,0.561,0.12,2.5,0.407,8.815397889700437,-3.885397889700437,3.885397889700437
Derrick White,2019-20,SAS,1948080.0,1.78,bench,1,25.0,68,24.7,0.102,0.593,0.183,3.7,0.458,5.664545506188781,-3.884545506188781,3.884545506188781
Mark Williams,2025-26,PHO,6276531.0,4.06,bench,0,24.0,60,23.6,0.141,0.68,0.167,4.7,0.644,7.938281532915132,-3.878281532915133,3.878281532915133
Tim Hardaway,2017-18,NYK,16500000.0,16.66,star,0,26.0,57,33.1,0.091,0.533,0.229,6.3,0.421,12.790324450195047,3.8696755498049527,3.8696755498049527
Glenn Robinson,2018-19,DET,4075000.0,4.0,bench,0,25.0,47,13.0,0.058,0.511,0.146,1.6,0.42,0.13278201147242177,3.867217988527578,3.867217988527578
Jalen Williams,2022-23,OKC,4341480.0,3.51,bench,0,22.0,75,30.3,0.102,0.601,0.18,5.5,0.521,7.37638161473289,-3.86638161473289,3.86638161473289
John Henson,2017-18,MIL,11422536.0,11.53,starter,0,27.0,76,25.9,0.097,0.582,0.149,3.8,0.572,7.669263630421044,3.860736369578955,3.860736369578955
Bruce Brown,2019-20,DET,1416852.0,1.3,bench,0,23.0,58,28.2,0.083,0.518,0.159,3.4,0.443,5.15536350523112,-3.8553635052311206,3.8553635052311206
Lauri Markkanen,2021-22,CLE,15690909.0,13.96,starter,0,25.0,61,30.8,0.097,0.582,0.192,5.1,0.445,10.104973753068496,3.855026246931505,3.855026246931505
Rudy Gay,2017-18,SAS,8406000.0,8.49,starter,0,31.0,57,21.6,0.125,0.545,0.237,4.4,0.471,12.339501959154735,-3.8495019591547344,3.8495019591547344
Brandon Ingram,2024-25,TOR,36016200.0,25.62,max,0,27.0,18,33.1,0.122,0.56,0.305,8.6,0.465,21.773043986955997,3.8469560130440037,3.8469560130440037
RJ Barrett,2022-23,NYK,10900635.0,8.82,starter,1,23.0,73,33.9,0.087,0.531,0.256,7.0,0.434,12.650859524763987,-3.830859524763987,3.830859524763987
Daishen Nix,2022-23,HOU,1563518.0,1.26,bench,0,21.0,57,16.0,0.045,0.447,0.149,1.4,0.342,-2.5671234435624184,3.827123443562418,3.827123443562418
Darius Miller,2018-19,NOP,2205000.0,2.16,bench,1,29.0,69,25.5,0.048,0.55,0.131,2.7,0.39,5.985909272523896,-3.825909272523896,3.825909272523896
Noah Vonleh,2016-17,POR,2751360.0,2.92,bench,1,21.0,74,17.1,0.073,0.525,0.129,1.8,0.481,-0.9052214579831064,3.8252214579831065,3.8252214579831065
Shelvin Mack,2018-19,TOT,3029463.0,2.97,bench,0,29.0,57,21.9,0.077,0.489,0.179,2.9,0.404,6.792603793749644,-3.822603793749644,3.822603793749644
Cole Anthony,2020-21,ORL,3285120.0,3.01,bench,0,21.0,47,27.1,0.091,0.496,0.235,4.7,0.397,6.8285603989228845,-3.8185603989228847,3.8185603989228847
Keegan Murray,2023-24,SAC,8409000.0,6.18,bench,0,23.0,77,33.6,0.082,0.569,0.178,5.8,0.454,9.99687274102045,-3.8168727410204504,3.8168727410204504
Patrick Williams,2022-23,CHI,7775400.0,6.29,bench,1,21.0,82,28.3,0.069,0.576,0.156,3.8,0.464,2.473808287969604,3.816191712030396,3.816191712030396
Julius Randle,2020-21,NYK,18900000.0,17.32,star,0,26.0,71,37.6,0.158,0.567,0.285,8.5,0.456,21.132549308103787,-3.8125493081037867,3.8125493081037867
Jonathan Isaac,2017-18,ORL,4186320.0,4.23,bench,0,20.0,27,19.8,0.071,0.465,0.149,2.0,0.379,0.4203801838773049,3.8096198161226953,3.8096198161226953
Anthony Gill,2025-26,WAS,2296274.0,1.48,bench,0,33.0,55,17.3,0.08,0.682,0.116,2.5,0.628,5.28958580315069,-3.8095858031506897,3.8095858031506897
Nikola Vučević,2022-23,CHI,22000000.0,17.79,star,0,32.0,82,33.5,0.143,0.594,0.218,7.3,0.52,21.598957389488557,-3.808957389488558,3.808957389488558
Kevin Huerter,2019-20,ATL,2636280.0,2.42,bench,0,21.0,56,31.4,0.078,0.536,0.169,4.5,0.413,6.224906119213304,-3.804906119213304,3.804906119213304
Nassir Little,2020-21,POR,2210640.0,2.03,bench,0,21.0,48,13.3,0.072,0.589,0.135,1.6,0.467,-1.7716266215399505,3.8016266215399503,3.8016266215399503
Zeke Nnaji,2025-26,DEN,8177778.0,5.29,bench,0,25.0,52,12.0,0.07,0.558,0.136,1.4,0.47,1.4959037864704001,3.7940962135296,3.7940962135296
Miles Bridges,2020-21,CHO,3934320.0,3.6,bench,1,23.0,66,29.3,0.103,0.625,0.17,4.7,0.503,7.394036012924865,-3.7940360129248645,3.7940360129248645
Shake Milton,2021-22,PHI,1846738.0,1.64,bench,0,25.0,55,21.4,0.079,0.517,0.174,3.1,0.429,5.426592169890743,-3.786592169890743,3.786592169890743
Derrick Williams,2016-17,TOT,5000043.0,5.31,bench,0,26.0,50,16.1,0.074,0.537,0.175,2.2,0.443,1.5241753592925547,3.785824640707445,3.785824640707445
Bismack Biyombo,2023-24,TOT,5754488.0,4.23,bench,0,31.0,40,19.8,0.065,0.562,0.106,1.9,0.565,8.010012934803367,-3.7800129348033664,3.7800129348033664
Nemanja Bjelica,2018-19,SAC,6500000.0,6.38,bench,0,31.0,77,23.2,0.096,0.585,0.162,3.7,0.479,10.156225357052259,-3.776225357052259,3.776225357052259
Will Barton,2022-23,TOT,14807642.0,11.97,starter,0,32.0,56,17.7,0.078,0.493,0.182,2.5,0.379,8.207858119938344,3.762141880061657,3.762141880061657
Jake Layman,2019-20,MIN,3581986.0,3.28,bench,0,26.0,23,22.0,0.059,0.544,0.165,3.5,0.453,7.041833889643786,-3.761833889643786,3.761833889643786
Payton Pritchard,2023-24,BOS,4037277.0,2.97,bench,1,26.0,82,22.3,0.103,0.597,0.168,3.6,0.468,6.731262844427092,-3.7612628444270917,3.7612628444270917
Herbert Jones,2022-23,NOP,1785000.0,1.44,bench,1,24.0,66,29.6,0.068,0.567,0.144,3.6,0.469,5.197160033732326,-3.7571600337323257,3.7571600337323257
Dwayne Bacon,2020-21,ORL,1678854.0,1.54,bench,0,25.0,72,25.7,0.069,0.49,0.193,4.1,0.402,5.293320813046485,-3.753320813046485,3.753320813046485
Sam Merrill,2023-24,CLE,1997238.0,1.47,bench,0,28.0,61,17.5,0.09,0.598,0.17,2.6,0.402,5.222690771831665,-3.7526907718316656,3.7526907718316656
Jeremy Lamb,2018-19,CHO,7488372.0,7.35,bench,1,27.0,79,28.5,0.118,0.552,0.22,5.5,0.44,11.099745780350194,-3.749745780350194,3.749745780350194
Kenrich Williams,2025-26,OKC,7163000.0,4.63,bench,0,31.0,56,15.3,0.098,0.569,0.178,2.5,0.473,8.375145198161086,-3.7451451981610857,3.7451451981610857
Seth Curry,2024-25,CHO,2087519.0,1.48,bench,0,34.0,68,15.6,0.083,0.616,0.151,2.4,0.478,5.221426863080423,-3.7414268630804233,3.7414268630804233
Rodney McGruder,2022-23,DET,1836090.0,1.48,bench,0,31.0,32,16.4,0.067,0.566,0.135,1.9,0.408,5.211052104527717,-3.7310521045277167,3.7310521045277167
Brandon Ingram,2017-18,LAL,5519400.0,5.57,bench,0,20.0,59,33.5,0.096,0.536,0.218,6.1,0.47,9.300270980284822,-3.7302709802848213,3.7302709802848213
Justin Holiday,2019-20,IND,4767000.0,4.37,bench,0,31.0,73,25.0,0.076,0.585,0.13,2.8,0.428,8.09965563992614,-3.7296556399261407,3.7296556399261407
Lance Thomas,2017-18,NYK,6655325.0,6.72,bench,0,30.0,73,18.5,0.037,0.513,0.106,1.4,0.382,2.9921205660459504,3.7278794339540493,3.7278794339540493
Eric Gordon,2021-22,HOU,18218818.0,16.21,star,0,33.0,57,29.3,0.081,0.614,0.182,4.7,0.475,12.488292850934666,3.7217071490653346,3.7217071490653346
Andrew Nembhard,2023-24,IND,2131905.0,1.57,bench,0,24.0,68,25.0,0.075,0.573,0.161,3.8,0.498,5.291421322264643,-3.721421322264643,3.721421322264643
Ben McLemore,2017-18,MEM,5200000.0,5.25,bench,0,25.0,56,19.5,0.056,0.526,0.182,2.8,0.421,1.5290553474536768,3.720944652546323,3.720944652546323
Ivica Zubac,2023-24,LAC,10933333.0,8.04,starter,0,27.0,68,26.4,0.125,0.671,0.165,5.0,0.649,11.75965224288296,-3.7196522428829617,3.7196522428829617
De'Andre Hunter,2020-21,ATL,7422000.0,6.8,bench,0,23.0,23,29.5,0.104,0.603,0.194,5.2,0.484,10.518418223262568,-3.718418223262568,3.718418223262568
Kevin Porter,2024-25,TOT,3366937.0,2.39,bench,0,25.0,75,19.8,0.119,0.531,0.248,3.9,0.449,6.106435043801182,-3.7164350438011815,3.7164350438011815
D.J. Augustin,2019-20,ORL,7250000.0,6.64,bench,0,32.0,57,24.9,0.102,0.554,0.184,3.2,0.399,10.352970224357147,-3.7129702243571474,3.7129702243571474
Thaddeus Young,2020-21,CHI,13545000.0,12.41,starter,0,33.0,68,24.3,0.128,0.578,0.216,5.4,0.559,16.121704035065722,-3.711704035065722,3.711704035065722
Andre Iguodala,2017-18,GSW,14814815.0,14.96,starter,0,34.0,64,25.4,0.081,0.536,0.112,2.3,0.463,11.251201595800307,3.708798404199694,3.708798404199694
Chris Boucher,2019-20,TOR,1488967.0,1.36,bench,1,27.0,62,13.2,0.128,0.587,0.185,2.3,0.472,5.067662213508158,-3.707662213508158,3.707662213508158
Dwyane Wade,2016-17,CHI,23200000.0,24.64,star,0,35.0,60,29.9,0.121,0.508,0.289,6.9,0.434,20.938956121971735,3.7010438780282655,3.7010438780282655
Jalen Green,2023-24,HOU,9891480.0,7.27,bench,1,22.0,82,31.7,0.111,0.541,0.27,6.9,0.423,10.970738319321676,-3.700738319321676,3.700738319321676
Reggie Jackson,2016-17,DET,14956522.0,15.89,star,0,27.0,52,27.4,0.092,0.51,0.261,5.5,0.419,12.191034519300716,3.698965480699284,3.698965480699284
Emmanuel Mudiay,2018-19,NYK,4294480.0,4.22,bench,0,23.0,59,27.2,0.098,0.531,0.248,5.6,0.446,7.918062065603862,-3.698062065603862,3.698062065603862
Eric Bledsoe,2020-21,NOP,16875000.0,15.46,star,0,31.0,71,29.7,0.077,0.533,0.181,4.3,0.421,11.763787033122183,3.696212966877818,3.696212966877818
Kentavious Caldwell-Pope,2016-17,DET,3678319.0,3.91,bench,1,24.0,76,33.3,0.078,0.519,0.187,4.9,0.399,7.601764030156112,-3.6917640301561114,3.6917640301561114
Facundo Campazzo,2020-21,DEN,3100000.0,2.84,bench,0,30.0,65,21.9,0.074,0.558,0.128,1.8,0.381,6.531411380553464,-3.691411380553464,3.691411380553464
Kyrie Irving,2021-22,BRK,34916200.0,31.06,max,0,30.0,29,37.6,0.135,0.592,0.283,10.0,0.469,27.37663833188354,3.683361668116458,3.683361668116458
Bruce Brown,2022-23,DEN,6479000.0,5.24,bench,1,26.0,80,28.5,0.09,0.571,0.174,4.5,0.483,8.923135269504636,-3.6831352695046355,3.6831352695046355
Draymond Green,2017-18,GSW,16400000.0,16.56,star,0,28.0,70,32.7,0.117,0.556,0.168,4.0,0.454,12.88119897524617,3.678801024753829,3.678801024753829
Jose Alvarado,2022-23,NOP,1563518.0,1.26,bench,0,25.0,61,21.5,0.079,0.525,0.191,3.3,0.411,4.937280164898244,-3.677280164898244,3.677280164898244
Marreese Speights,2017-18,ORL,1471382.0,1.49,bench,0,30.0,52,13.0,0.089,0.539,0.265,2.7,0.395,5.166512564863935,-3.676512564863935,3.676512564863935
Vince Williams,2023-24,MEM,2232308.0,1.64,bench,0,23.0,52,27.6,0.096,0.597,0.155,3.3,0.446,5.308755199933118,-3.668755199933118,3.668755199933118
Grayson Allen,2023-24,PHO,8925000.0,6.56,bench,1,28.0,75,33.5,0.087,0.679,0.143,4.5,0.499,10.22754508809539,-3.66754508809539,3.66754508809539
Cody Martin,2021-22,CHO,1782621.0,1.59,bench,1,26.0,71,26.3,0.08,0.579,0.12,2.9,0.482,5.254544796749217,-3.664544796749217,3.664544796749217
Danilo Gallinari,2016-17,DEN,15050000.0,15.99,star,1,28.0,63,33.9,0.114,0.622,0.198,5.3,0.447,12.325828412730317,3.664171587269683,3.664171587269683
Jaime Jaquez,2023-24,MIA,3510600.0,2.58,bench,0,23.0,75,28.2,0.084,0.574,0.181,4.5,0.489,6.241218578317087,-3.6612185783170865,3.6612185783170865
Patty Mills,2018-19,SAS,11571429.0,11.36,starter,0,30.0,82,23.3,0.081,0.572,0.175,3.4,0.425,7.7012840476701445,3.658715952329855,3.658715952329855
Cory Joseph,2024-25,ORL,3303771.0,2.35,bench,0,33.0,50,12.2,0.075,0.547,0.126,1.2,0.403,6.008059930549113,-3.6580599305491126,3.6580599305491126
Gradey Dick,2023-24,TOR,4536720.0,3.34,bench,0,20.0,60,21.1,0.059,0.546,0.167,3.2,0.425,-0.3175553019991401,3.65755530199914,3.65755530199914
Jalen Brunson,2022-23,NYK,27733332.0,22.43,star,0,26.0,68,35.0,0.138,0.597,0.266,8.6,0.491,18.775768320156786,3.654231679843214,3.654231679843214
Derrick Rose,2021-22,NYK,13445120.0,11.96,starter,0,33.0,26,24.5,0.129,0.541,0.217,4.7,0.445,15.60995502872966,-3.649955028729659,3.649955028729659
Bennedict Mathurin,2024-25,IND,7245720.0,5.15,bench,1,23.0,72,29.9,0.092,0.579,0.222,5.4,0.458,8.7999068114067,-3.6499068114066997,3.6499068114066997
Malik Monk,2023-24,SAC,9945830.0,7.31,bench,1,26.0,72,26.0,0.11,0.564,0.247,5.5,0.443,10.954874462698909,-3.644874462698909,3.644874462698909
Ricky Rubio,2018-19,UTA,14975000.0,14.7,starter,0,28.0,68,27.9,0.103,0.52,0.221,4.3,0.404,11.057677225574945,3.642322774425054,3.642322774425054
Josh Okogie,2020-21,MIN,2651040.0,2.43,bench,1,22.0,59,20.3,0.045,0.524,0.119,1.7,0.402,-1.2116968453223502,3.6416968453223504,3.6416968453223504
James Bouknight,2022-23,CHO,4362240.0,3.53,bench,0,22.0,34,15.2,0.05,0.463,0.192,2.0,0.358,-0.10705798590161862,3.6370579859016186,3.6370579859016186
Isaiah Joe,2024-25,OKC,12991650.0,9.24,starter,0,25.0,74,21.7,0.089,0.617,0.166,3.5,0.44,5.603475885575517,3.636524114424483,3.636524114424483
Jonas Valančiūnas,2023-24,NOP,15435000.0,11.35,starter,0,32.0,82,23.5,0.135,0.619,0.207,4.9,0.559,14.985298340412283,-3.635298340412284,3.635298340412284
Cedi Osman,2019-20,CLE,2907143.0,2.66,bench,1,25.0,65,29.4,0.065,0.552,0.162,4.1,0.437,6.291496933606983,-3.631496933606983,3.631496933606983
Anthony Black,2024-25,ORL,7607760.0,5.41,bench,0,21.0,78,24.2,0.084,0.521,0.19,3.4,0.423,1.780022831296443,3.629977168703557,3.629977168703557
Scottie Barnes,2021-22,TOR,7280400.0,6.48,bench,0,20.0,74,35.4,0.109,0.552,0.187,6.2,0.492,10.10832326474142,-3.62832326474142,3.62832326474142
Orlando Robinson,2024-25,TOT,1691610.0,1.2,bench,0,24.0,44,17.5,0.088,0.519,0.177,2.6,0.444,4.818520025478779,-3.6185200254787784,3.6185200254787784
Patty Mills,2017-18,SAS,10714286.0,10.82,starter,0,29.0,82,25.7,0.075,0.558,0.172,3.4,0.411,7.202494466454637,3.617505533545363,3.617505533545363
Austin Rivers,2022-23,MIN,1836090.0,1.48,bench,0,30.0,52,19.5,0.05,0.564,0.104,1.8,0.435,5.092602464934327,-3.612602464934327,3.612602464934327
Trae Young,2018-19,ATL,5356440.0,5.26,bench,0,20.0,81,30.9,0.119,0.539,0.277,6.5,0.418,8.872155863907144,-3.6121558639071445,3.6121558639071445
Royce O'Neale,2024-25,PHO,9375000.0,6.67,bench,0,32.0,75,24.5,0.085,0.585,0.151,3.2,0.423,10.28190434858096,-3.6119043485809605,3.6119043485809605
Bryn Forbes,2018-19,SAS,3125000.0,3.07,bench,0,25.0,82,28.0,0.077,0.586,0.171,4.4,0.456,6.680119765225326,-3.6101197652253263,3.6101197652253263
D.J. Augustin,2016-17,ORL,7250000.0,7.7,bench,0,29.0,78,19.7,0.08,0.524,0.194,2.5,0.377,4.093643714846478,3.606356285153522,3.606356285153522
Grayson Allen,2024-25,PHO,15625000.0,11.11,starter,0,29.0,64,24.1,0.084,0.631,0.169,3.4,0.448,7.50398569167169,3.6060143083283096,3.6060143083283096
Matas Buzelis,2025-26,CHI,5455560.0,3.53,bench,0,21.0,77,29.2,0.097,0.586,0.223,5.8,0.463,7.129872327683311,-3.5998723276833116,3.5998723276833116
Ben McLemore,2019-20,HOU,2028594.0,1.86,bench,1,27.0,71,22.8,0.066,0.622,0.157,3.4,0.444,5.453973539788309,-3.5939735397883084,3.5939735397883084
OG Anunoby,2017-18,TOR,1645200.0,1.66,bench,0,20.0,74,20.0,0.056,0.587,0.121,2.2,0.471,-1.9235108597771209,3.583510859777121,3.583510859777121
Jalen Brunson,2024-25,NYK,24960001.0,17.75,star,1,28.0,65,35.4,0.138,0.605,0.289,9.0,0.488,21.332109044592446,-3.582109044592446,3.582109044592446
Nikola Vučević,2019-20,ORL,28000000.0,25.66,max,0,29.0,62,32.2,0.153,0.549,0.258,8.0,0.477,22.077999312753374,3.5820006872466266,3.5820006872466266
Tyus Jones,2017-18,MIN,1471382.0,1.49,bench,1,22.0,82,17.9,0.09,0.572,0.124,1.8,0.457,-2.083412492545649,3.573412492545649,3.573412492545649
Steven Adams,2025-26,HOU,14130434.0,9.14,starter,0,32.0,32,22.8,0.1,0.535,0.116,2.2,0.504,12.706080223125163,-3.5660802231251623,3.5660802231251623
Quinten Post,2025-26,GSW,1955377.0,1.26,bench,0,26.0,67,17.3,0.089,0.56,0.183,2.9,0.44,4.823414285056968,-3.563414285056968,3.563414285056968
Mitchell Robinson,2023-24,NYK,15681818.0,11.53,starter,0,26.0,31,24.8,0.082,0.554,0.099,2.4,0.575,7.971955226478631,3.5580447735213685,3.5580447735213685
Jrue Holiday,2020-21,MIL,25876111.0,23.71,star,0,31.0,59,32.3,0.124,0.592,0.217,7.0,0.503,20.160717804708824,3.549282195291177,3.549282195291177
Marcus Smart,2017-18,BOS,4538020.0,4.58,bench,1,24.0,54,29.9,0.075,0.479,0.187,3.5,0.367,8.123672719941228,-3.5436727199412275,3.5436727199412275
Pat Connaughton,2019-20,MIL,1723050.0,1.58,bench,1,27.0,67,18.6,0.09,0.565,0.118,2.0,0.455,5.121799978762756,-3.5417999787627563,3.5417999787627563
LeBron James,2017-18,CLE,33285709.0,33.61,max,0,33.0,82,36.9,0.191,0.621,0.31,10.5,0.542,30.070304296067555,3.539695703932445,3.539695703932445
Tomáš Satoranský,2021-22,TOT,10000000.0,8.9,starter,0,30.0,55,16.5,0.076,0.461,0.124,1.3,0.377,5.364273585156867,3.5357264148431335,3.5357264148431335
Lonnie Walker,2019-20,SAS,2760480.0,2.53,bench,0,21.0,61,16.2,0.068,0.507,0.183,2.5,0.426,-1.0010687004182766,3.5310687004182766,3.5310687004182766
Ish Smith,2017-18,DET,6000000.0,6.06,bench,0,29.0,82,24.9,0.106,0.525,0.203,4.7,0.486,9.585087140617334,-3.5250871406173347,3.5250871406173347
Doug McDermott,2022-23,SAS,13750000.0,11.12,starter,0,31.0,64,20.5,0.071,0.59,0.186,3.7,0.457,7.5981553406761755,3.5218446593238237,3.5218446593238237
Serge Ibaka,2019-20,TOR,23271604.0,21.32,star,0,30.0,55,27.0,0.124,0.583,0.236,6.2,0.512,17.805343512344685,3.5146564876553157,3.5146564876553157
Damyean Dotson,2018-19,NYK,1378242.0,1.35,bench,0,25.0,73,27.4,0.076,0.526,0.169,4.0,0.415,4.862424866694576,-3.5124248666945763,3.5124248666945763
Zach Collins,2018-19,POR,3628920.0,3.56,bench,0,21.0,77,17.6,0.08,0.562,0.166,2.5,0.473,0.05837551208240273,3.5016244879175975,3.5016244879175975
Zach LaVine,2018-19,CHI,19500000.0,19.14,star,0,24.0,63,34.5,0.125,0.574,0.298,8.4,0.467,15.63929063056558,3.5007093694344213,3.5007093694344213
Bogdan Bogdanovic,2017-18,SAC,9470614.0,9.56,starter,0,25.0,78,27.9,0.087,0.556,0.192,4.4,0.446,6.059766476828019,3.500233523171982,3.500233523171982
Marcus Morris,2023-24,TOT,17429682.0,12.81,starter,0,34.0,49,16.7,0.072,0.558,0.162,2.4,0.439,9.315097398160093,3.4949026018399074,3.4949026018399074
Ersan İlyasova,2019-20,MIL,7000000.0,6.41,bench,0,33.0,63,15.7,0.105,0.589,0.158,2.3,0.466,9.90373025883499,-3.49373025883499,3.49373025883499
LaMarcus Aldridge,2020-21,TOT,17304988.0,15.86,star,0,35.0,26,25.9,0.099,0.556,0.224,5.4,0.473,19.353388017414993,-3.4933880174149934,3.4933880174149934
Dwight Powell,2021-22,DAL,11080125.0,9.86,starter,0,30.0,82,21.9,0.102,0.725,0.136,3.3,0.671,6.367231044975335,3.4927689550246646,3.4927689550246646
Luguentz Dort,2024-25,OKC,16500000.0,11.74,starter,0,26.0,71,29.2,0.063,0.586,0.133,3.6,0.435,8.25368208911823,3.4863179108817697,3.4863179108817697
De'Aaron Fox,2018-19,SAC,5470920.0,5.37,bench,0,21.0,81,31.4,0.119,0.544,0.238,6.2,0.458,8.845143916677062,-3.4751439166770615,3.4751439166770615
Kentavious Caldwell-Pope,2020-21,LAL,12073020.0,11.06,starter,0,28.0,67,28.4,0.07,0.588,0.139,3.3,0.431,7.585478207354585,3.4745217926454153,3.4745217926454153
Kel'el Ware,2025-26,MIA,4443360.0,2.87,bench,0,22.0,77,22.1,0.137,0.616,0.174,4.5,0.53,6.343248415815671,-3.4732484158156707,3.4732484158156707
Kyle Kuzma,2021-22,WAS,13000000.0,11.56,starter,0,26.0,66,33.4,0.118,0.547,0.238,6.4,0.452,15.032785348175295,-3.472785348175295,3.472785348175295
Davion Mitchell,2022-23,SAC,4833600.0,3.91,bench,0,24.0,80,18.1,0.061,0.545,0.14,2.3,0.454,0.43772050074854024,3.47227949925146,3.47227949925146
Trey Murphy,2022-23,NOP,3206520.0,2.59,bench,0,23.0,79,31.0,0.094,0.65,0.159,4.9,0.484,6.057234531337032,-3.4672345313370325,3.4672345313370325
Dante Cunningham,2016-17,NOP,2978250.0,3.16,bench,0,30.0,66,25.0,0.068,0.586,0.107,2.6,0.485,6.626331800415086,-3.4663318004150856,3.4663318004150856
Miles Bridges,2019-20,CHO,3755400.0,3.44,bench,0,22.0,65,30.7,0.082,0.52,0.196,4.9,0.424,6.904129413764219,-3.4641294137642187,3.4641294137642187
Kyrie Irving,2024-25,DAL,41000000.0,29.16,max,0,33.0,50,36.1,0.129,0.594,0.264,8.9,0.473,25.696305723087946,3.4636942769120544,3.4636942769120544
Josh Hart,2024-25,NYK,18144000.0,12.91,starter,0,30.0,77,37.6,0.119,0.611,0.151,5.2,0.525,16.369918344398926,-3.4599183443989254,3.4599183443989254
Timothe Luwawu-Cabarrot,2016-17,PHI,1326960.0,1.41,bench,0,22.0,69,17.2,0.053,0.536,0.175,2.1,0.402,-2.0483819641896495,3.458381964189649,3.458381964189649
Quentin Grimes,2022-23,NYK,2277000.0,1.84,bench,0,23.0,71,29.9,0.07,0.619,0.142,4.0,0.468,5.294990261135424,-3.454990261135424,3.454990261135424
Svi Mykhailiuk,2024-25,UTA,3500000.0,2.49,bench,0,28.0,38,20.0,0.067,0.526,0.198,3.1,0.391,5.941088188878223,-3.4510881888782228,3.4510881888782228
Anthony Davis,2023-24,LAL,40600080.0,29.85,max,0,31.0,76,35.5,0.168,0.621,0.261,9.4,0.556,26.404684261091866,3.4453157389081355,3.4453157389081355
Jalen Duren,2024-25,DET,4536840.0,3.23,bench,1,21.0,78,26.1,0.14,0.703,0.161,4.8,0.692,6.675106214509641,-3.4451062145096407,3.4451062145096407
Amen Thompson,2024-25,HOU,9249960.0,6.58,bench,0,22.0,69,32.3,0.129,0.602,0.172,5.6,0.557,10.022948853859884,-3.4429488538598836,3.4429488538598836
Frank Kaminsky,2016-17,CHO,2730000.0,2.9,bench,0,24.0,75,26.1,0.085,0.502,0.216,4.3,0.399,6.342899806507648,-3.4428998065076484,3.4428998065076484
Tim Frazier,2018-19,TOT,1832107.0,1.8,bench,0,28.0,59,19.0,0.081,0.544,0.132,2.0,0.444,5.236591085147192,-3.4365910851471924,3.4365910851471924
Shake Milton,2022-23,PHI,1997718.0,1.62,bench,1,26.0,76,20.6,0.09,0.575,0.175,3.2,0.479,5.0526132319059345,-3.4326132319059344,3.4326132319059344
Cody Martin,2023-24,CHO,7560000.0,5.56,bench,0,28.0,28,26.9,0.066,0.46,0.157,2.9,0.381,8.992455262929125,-3.4324552629291256,3.4324552629291256
Nemanja Bjelica,2017-18,MIN,3949999.0,3.99,bench,1,30.0,67,20.5,0.082,0.581,0.139,2.6,0.461,7.4208955614364465,-3.4308955614364463,3.4308955614364463
Deyonta Davis,2017-18,MEM,1312611.0,1.33,bench,1,21.0,62,15.2,0.108,0.621,0.144,2.6,0.608,-2.100894254980061,3.430894254980061,3.430894254980061
Olivier-Maxence Prosper,2024-25,DAL,2870400.0,2.04,bench,0,22.0,52,11.2,0.082,0.484,0.158,1.3,0.402,-1.3899745246906918,3.429974524690692,3.429974524690692
Buddy Hield,2017-18,SAC,3675480.0,3.71,bench,0,25.0,80,25.3,0.109,0.557,0.236,5.2,0.446,7.137436302472709,-3.4274363024727093,3.4274363024727093
Joe Johnson,2017-18,TOT,9978835.0,10.08,starter,0,37.0,55,21.9,0.07,0.49,0.157,2.7,0.406,13.504166211976258,-3.4241662119762584,3.4241662119762584
Jae Crowder,2016-17,BOS,6286408.0,6.68,bench,0,26.0,72,32.4,0.103,0.613,0.169,4.6,0.463,10.100483663731607,-3.4204836637316074,3.4204836637316074
Jaden McDaniels,2022-23,MIN,2161440.0,1.75,bench,1,22.0,79,30.6,0.069,0.611,0.156,4.7,0.517,5.166919864999115,-3.416919864999115,3.416919864999115
Norman Powell,2019-20,TOR,10116576.0,9.27,starter,0,27.0,52,28.4,0.109,0.624,0.21,5.7,0.495,12.686216429771926,-3.416216429771927,3.416216429771927
Grayson Allen,2025-26,PHO,16875000.0,10.91,starter,0,30.0,51,28.8,0.105,0.568,0.231,5.3,0.403,14.323548168253495,-3.413548168253495,3.413548168253495
Monte Morris,2019-20,DEN,1588231.0,1.46,bench,0,25.0,73,22.4,0.099,0.545,0.168,3.6,0.459,4.86723683977433,-3.4072368397743302,3.4072368397743302
Moussa Diabaté,2025-26,CHO,2270735.0,1.47,bench,0,24.0,73,26.0,0.108,0.653,0.112,3.1,0.631,4.87412874805946,-3.4041287480594606,3.4041287480594606
Goga Bitadze,2020-21,IND,2957520.0,2.71,bench,0,21.0,45,12.5,0.078,0.523,0.169,1.8,0.428,-0.6930662915279905,3.4030662915279906,3.4030662915279906
Kelly Olynyk,2019-20,MIA,11667885.0,10.69,starter,0,29.0,67,19.4,0.102,0.621,0.165,2.7,0.462,7.288298699840691,3.401701300159308,3.401701300159308
Dewayne Dedmon,2017-18,ATL,6000000.0,6.06,bench,0,28.0,62,24.9,0.119,0.599,0.166,4.0,0.524,9.460636126514036,-3.400636126514036,3.400636126514036
Dewayne Dedmon,2018-19,ATL,7200000.0,7.07,bench,1,29.0,64,25.1,0.107,0.602,0.166,4.0,0.492,10.469841074992413,-3.3998410749924126,3.3998410749924126
Delon Wright,2022-23,WAS,7804878.0,6.31,bench,0,31.0,50,24.4,0.107,0.581,0.125,2.8,0.474,9.70720547910406,-3.39720547910406,3.39720547910406
Gerald Henderson,2016-17,PHI,9000000.0,9.56,starter,0,29.0,72,23.2,0.073,0.529,0.175,3.3,0.423,6.164517242799208,3.395482757200792,3.395482757200792
Jarrett Allen,2022-23,CLE,20000000.0,16.17,star,0,25.0,68,32.6,0.134,0.67,0.162,5.9,0.644,12.775847685447706,3.3941523145522954,3.3941523145522954
Onyeka Okongwu,2021-22,ATL,6104280.0,5.43,bench,0,21.0,48,20.7,0.109,0.714,0.137,3.3,0.69,2.0398766029793314,3.3901233970206683,3.3901233970206683
Josh Giddey,2023-24,OKC,6587040.0,4.84,bench,1,21.0,80,25.1,0.122,0.547,0.223,5.0,0.475,8.227810626912245,-3.3878106269122448,3.3878106269122448
Gary Payton,2021-22,GSW,1939350.0,1.73,bench,1,29.0,71,17.6,0.114,0.679,0.14,3.0,0.616,5.1175166109369625,-3.3875166109369625,3.3875166109369625
Jalen McDaniels,2023-24,TOR,4516000.0,3.32,bench,0,26.0,50,10.8,0.036,0.412,0.179,1.3,0.344,-0.06396547292596717,3.383965472925967,3.383965472925967
Davion Mitchell,2023-24,SAC,5063640.0,3.72,bench,1,25.0,72,15.3,0.064,0.555,0.147,2.0,0.452,0.3362795225303416,3.3837204774696588,3.3837204774696588
Isaiah Stewart,2022-23,DET,3433320.0,2.78,bench,1,22.0,50,28.3,0.091,0.56,0.17,3.9,0.442,6.162976675488948,-3.382976675488948,3.382976675488948
Ty Jerome,2020-21,OKC,2303040.0,2.11,bench,0,23.0,33,23.9,0.095,0.585,0.181,3.9,0.446,5.488311636767579,-3.3783116367675787,3.3783116367675787
Elfrid Payton,2019-20,NYK,8000000.0,7.33,bench,0,26.0,45,27.7,0.111,0.47,0.19,4.3,0.439,10.700103066747182,-3.3701030667471823,3.3701030667471823
Bruno Fernando,2019-20,ATL,1400000.0,1.28,bench,0,21.0,56,12.7,0.079,0.542,0.147,1.8,0.518,-2.089832924719997,3.369832924719997,3.369832924719997
Anthony Black,2025-26,ORL,7970280.0,5.15,bench,0,22.0,64,29.8,0.09,0.549,0.219,5.4,0.447,8.519076277953815,-3.3690762779538144,3.3690762779538144
Bojan Bogdanović,2022-23,DET,19550000.0,15.81,star,0,34.0,59,32.1,0.116,0.627,0.251,7.3,0.488,19.17634654342716,-3.366346543427161,3.366346543427161
Khris Middleton,2016-17,MIL,15200000.0,16.15,star,0,25.0,29,30.7,0.104,0.57,0.227,5.2,0.45,12.783722143440357,3.366277856559641,3.366277856559641
Donte DiVincenzo,2022-23,GSW,4500000.0,3.64,bench,1,26.0,72,26.3,0.092,0.593,0.146,3.3,0.435,7.0058566519340495,-3.3658566519340494,3.3658566519340494
Deni Avdija,2023-24,WAS,6263188.0,4.6,bench,1,23.0,75,30.1,0.109,0.597,0.196,5.4,0.506,7.9617694496799984,-3.361769449679999,3.361769449679999
Naz Reid,2022-23,MIN,1930681.0,1.56,bench,1,23.0,68,18.4,0.122,0.617,0.242,4.6,0.537,4.921158398297053,-3.361158398297053,3.361158398297053
Joe Ingles,2016-17,UTA,2250000.0,2.39,bench,1,29.0,82,24.1,0.09,0.604,0.135,2.5,0.452,5.746616727874545,-3.356616727874545,3.356616727874545
Giannis Antetokounmpo,2019-20,MIL,25842697.0,23.68,star,0,25.0,63,30.4,0.239,0.613,0.363,10.9,0.553,27.03579873342365,-3.3557987334236508,3.3557987334236508
Marquese Chriss,2017-18,PHO,3073800.0,3.1,bench,0,20.0,72,21.2,0.075,0.509,0.176,2.8,0.423,-0.24987954698165002,3.3498795469816502,3.3498795469816502
Steven Adams,2016-17,OKC,3140517.0,3.34,bench,1,23.0,80,29.9,0.097,0.589,0.159,4.7,0.571,6.686592593001642,-3.346592593001642,3.346592593001642
Precious Achiuwa,2022-23,TOR,2840160.0,2.3,bench,1,23.0,55,20.7,0.1,0.554,0.19,3.6,0.485,5.641208060601612,-3.3412080606016126,3.3412080606016126
Giannis Antetokounmpo,2024-25,MIL,48787676.0,34.7,max,0,30.0,67,34.2,0.21,0.625,0.346,11.8,0.601,31.360330345346195,3.3396696546538074,3.3396696546538074
Eric Paschall,2020-21,GSW,1517981.0,1.39,bench,0,24.0,40,17.4,0.098,0.561,0.234,3.7,0.497,4.72483082878694,-3.3348308287869406,3.3348308287869406
Evan Mobley,2021-22,CLE,8075160.0,7.18,bench,0,21.0,69,33.8,0.116,0.549,0.201,6.1,0.508,10.514284976072394,-3.3342849760723947,3.3342849760723947
Sterling Brown,2020-21,HOU,1620564.0,1.48,bench,1,26.0,51,24.1,0.082,0.597,0.133,2.9,0.448,4.813264298895568,-3.333264298895568,3.333264298895568
Meyers Leonard,2019-20,MIA,11286515.0,10.34,starter,0,28.0,51,20.3,0.085,0.627,0.121,2.3,0.509,7.0164856965706806,3.3235143034293193,3.3235143034293193
Jae Crowder,2021-22,PHO,9720900.0,8.65,starter,0,31.0,67,28.1,0.077,0.541,0.146,3.2,0.399,11.971303839679468,-3.3213038396794676,3.3213038396794676
Tyrese Haliburton,2020-21,SAC,3831840.0,3.51,bench,0,21.0,58,30.1,0.104,0.585,0.175,5.0,0.472,6.828824001401678,-3.318824001401678,3.318824001401678
Kasparas Jakučionis,2025-26,MIA,3658800.0,2.37,bench,0,20.0,53,17.8,0.073,0.614,0.129,1.9,0.429,-0.9451261461979156,3.315126146197916,3.315126146197916
Reggie Jackson,2019-20,TOT,18020981.0,16.51,star,0,30.0,31,24.0,0.098,0.529,0.229,4.3,0.411,13.200649575179936,3.3093504248200656,3.3093504248200656
T.J. McConnell,2017-18,PHI,1471382.0,1.49,bench,0,26.0,76,22.5,0.099,0.545,0.134,2.8,0.499,4.798427323252531,-3.3084273232525305,3.3084273232525305
Fred VanVleet,2020-21,TOR,21250000.0,19.47,star,0,27.0,52,36.5,0.115,0.534,0.237,6.5,0.389,16.16599105476373,3.3040089452362693,3.3040089452362693
Daniel Gafford,2025-26,DAL,14386320.0,9.3,starter,0,27.0,55,21.7,0.114,0.677,0.151,3.8,0.655,5.999662534105155,3.300337465894846,3.300337465894846
Jonathon Simmons,2017-18,ORL,6300000.0,6.36,bench,0,28.0,69,29.4,0.077,0.555,0.215,5.1,0.465,9.659678262015284,-3.2996782620152834,3.2996782620152834
Javonte Green,2024-25,TOT,2328350.0,1.66,bench,0,31.0,68,18.5,0.064,0.541,0.113,1.8,0.429,4.9547501353741,-3.2947501353741,3.2947501353741
Ja Morant,2020-21,MEM,9166800.0,8.4,starter,0,21.0,63,32.6,0.113,0.537,0.267,6.8,0.449,11.686066552974808,-3.286066552974807,3.286066552974807
Moritz Wagner,2024-25,ORL,11000000.0,7.82,bench,0,28.0,30,18.8,0.165,0.649,0.254,4.7,0.562,11.10098721431531,-3.28098721431531,3.28098721431531
Delon Wright,2017-18,TOR,1645200.0,1.66,bench,1,26.0,69,20.8,0.116,0.574,0.169,2.9,0.465,4.9306537869966265,-3.2706537869966263,3.2706537869966263
Zach LaVine,2020-21,CHI,19500000.0,17.87,star,0,26.0,58,35.1,0.14,0.634,0.302,9.8,0.507,21.137521296611087,-3.2675212966110863,3.2675212966110863
Julian Champagnie,2023-24,SAS,3000000.0,2.21,bench,0,23.0,74,19.8,0.068,0.57,0.14,2.2,0.408,-1.0571070472039092,3.2671070472039094,3.2671070472039094
Delon Wright,2021-22,ATL,8526316.0,7.58,bench,0,30.0,77,18.9,0.097,0.576,0.101,1.6,0.454,4.320161734144551,3.259838265855449,3.259838265855449
Grant Williams,2020-21,BOS,2498760.0,2.29,bench,0,22.0,63,18.1,0.04,0.546,0.12,1.7,0.437,-0.9697739321063794,3.2597739321063797,3.2597739321063797
Brandon Bass,2016-17,LAC,1551659.0,1.65,bench,0,32.0,52,11.1,0.122,0.65,0.192,2.1,0.575,4.908702576166018,-3.258702576166018,3.258702576166018
Trey Burke,2019-20,TOT,2257814.0,2.07,bench,1,27.0,33,15.8,0.102,0.548,0.196,2.8,0.45,5.321383163128453,-3.251383163128453,3.251383163128453
Isaiah Hartenstein,2022-23,NYK,7804879.0,6.31,bench,0,25.0,82,19.9,0.087,0.567,0.107,2.1,0.535,3.0613243025099726,3.248675697490027,3.248675697490027
LeBron James,2019-20,LAL,37436858.0,34.3,max,0,35.0,67,34.6,0.198,0.577,0.308,9.6,0.493,31.05225067131818,3.2477493286818166,3.2477493286818166
LeBron James,2023-24,LAL,47607350.0,35.0,max,0,39.0,71,35.3,0.169,0.63,0.285,9.6,0.54,31.769559698297403,3.230440301702597,3.230440301702597
Joe Harris,2017-18,BRK,1524305.0,1.54,bench,1,26.0,78,25.3,0.089,0.634,0.161,3.9,0.491,4.767285838083725,-3.2272858380837253,3.2272858380837253
Jonathan Kuminga,2023-24,GSW,6012840.0,4.42,bench,1,21.0,74,26.3,0.109,0.598,0.237,6.2,0.529,7.645845425165558,-3.2258454251655584,3.2258454251655584
Thaddeus Young,2016-17,IND,14153652.0,15.03,star,0,29.0,74,30.2,0.097,0.562,0.163,4.9,0.527,11.805228283630269,3.2247717163697303,3.2247717163697303
Jonathan Kuminga,2024-25,GSW,7636307.0,5.43,bench,1,22.0,47,24.3,0.11,0.535,0.271,5.5,0.454,8.65321152314346,-3.22321152314346,3.22321152314346
Marcin Gortat,2016-17,WAS,12000000.0,12.75,starter,0,33.0,82,31.2,0.11,0.593,0.146,4.8,0.579,15.966196546472966,-3.2161965464729665,3.2161965464729665
Tyrese Maxey,2025-26,PHI,37958760.0,24.55,star,0,25.0,70,38.0,0.15,0.588,0.286,9.9,0.462,21.335423024491252,3.2145769755087485,3.2145769755087485
Luka Garza,2025-26,BOS,2461463.0,1.59,bench,0,27.0,69,16.2,0.103,0.682,0.168,3.0,0.577,4.803919291541753,-3.213919291541753,3.213919291541753
Josh Giddey,2021-22,OKC,5988000.0,5.33,bench,0,19.0,54,31.5,0.114,0.478,0.218,5.2,0.419,8.54251256274916,-3.2125125627491595,3.2125125627491595
Jarred Vanderbilt,2025-26,LAL,11571429.0,7.48,bench,0,27.0,65,17.3,0.08,0.544,0.119,1.7,0.471,4.274125420594357,3.205874579405643,3.205874579405643
Donte DiVincenzo,2023-24,NYK,10900000.0,8.01,starter,0,27.0,81,29.1,0.098,0.597,0.209,5.5,0.443,11.215748473886238,-3.2057484738862385,3.2057484738862385
Jay Huff,2025-26,IND,2349578.0,1.52,bench,0,28.0,82,21.0,0.092,0.598,0.178,3.5,0.476,4.719732591689528,-3.199732591689528,3.199732591689528
Terance Mann,2022-23,LAC,1930681.0,1.56,bench,1,26.0,81,23.1,0.087,0.619,0.149,3.4,0.519,4.754617171241939,-3.1946171712419393,3.1946171712419393
Dillon Brooks,2024-25,HOU,22255493.0,15.83,star,0,29.0,75,31.8,0.067,0.555,0.176,5.1,0.429,12.635575333227042,3.1944246667729583,3.1944246667729583
Kyle Anderson,2022-23,MIN,8780488.0,7.1,bench,0,29.0,69,28.4,0.108,0.583,0.143,3.7,0.509,10.29364703555855,-3.1936470355585502,3.1936470355585502
Jaylen Brown,2021-22,BOS,24830357.0,22.09,star,0,25.0,66,33.6,0.135,0.574,0.298,8.7,0.473,18.899548739209177,3.190451260790823,3.190451260790823
Zeke Nnaji,2022-23,DEN,2617800.0,2.12,bench,1,22.0,53,13.7,0.072,0.62,0.149,2.1,0.561,-1.0680051998442344,3.1880051998442345,3.1880051998442345
Naji Marshall,2023-24,NOP,1930681.0,1.42,bench,1,26.0,66,19.0,0.092,0.576,0.158,2.6,0.463,4.606451222951058,-3.1864512229510584,3.1864512229510584
Sam Dekker,2017-18,LAC,1794600.0,1.81,bench,1,24.0,73,12.1,0.079,0.534,0.148,1.8,0.494,-1.3759425465968376,3.185942546596838,3.185942546596838
Omer Yurtseven,2021-22,MIA,1489065.0,1.32,bench,0,24.0,56,12.6,0.127,0.546,0.19,2.3,0.526,4.5056276707382095,-3.185627670738209,3.185627670738209
JaMychal Green,2020-21,DEN,7199760.0,6.6,bench,0,31.0,58,19.3,0.088,0.59,0.172,3.0,0.463,9.785509158229317,-3.1855091582293174,3.1855091582293174
Terrence Ross,2021-22,ORL,12500000.0,11.12,starter,0,31.0,63,23.0,0.075,0.515,0.196,3.5,0.397,7.934561949050066,3.1854380509499336,3.1854380509499336
Clint Capela,2019-20,ATL,14896552.0,13.65,starter,0,26.0,39,32.8,0.143,0.626,0.156,6.3,0.629,16.83402854650692,-3.184028546506921,3.184028546506921
Nikola Jović,2024-25,MIA,2464200.0,1.75,bench,1,22.0,46,25.1,0.098,0.595,0.178,3.7,0.456,4.933668105898041,-3.1836681058980414,3.1836681058980414
Ziaire Williams,2022-23,MEM,4591680.0,3.71,bench,0,21.0,37,15.2,0.052,0.511,0.178,2.3,0.429,0.5301662583866893,3.1798337416133107,3.1798337416133107
Kyrie Irving,2019-20,BRK,31742000.0,29.08,max,0,28.0,20,32.9,0.164,0.595,0.318,10.0,0.478,25.907248597658143,3.1727514023418557,3.1727514023418557
Naji Marshall,2022-23,NOP,1782621.0,1.44,bench,0,25.0,77,23.3,0.086,0.539,0.172,3.2,0.433,4.609576920617756,-3.169576920617756,3.169576920617756
Nassir Little,2021-22,POR,2316240.0,2.06,bench,1,22.0,42,25.9,0.091,0.575,0.155,3.5,0.46,5.220022940433296,-3.160022940433296,3.160022940433296
Donovan Mitchell,2022-23,CLE,30913750.0,25.0,star,0,26.0,68,35.8,0.149,0.614,0.31,10.0,0.484,21.84121932383793,3.1587806761620705,3.1587806761620705
Joe Ingles,2017-18,UTA,14136364.0,14.27,starter,0,30.0,82,31.4,0.107,0.623,0.156,4.1,0.467,11.112250470164206,3.157749529835794,3.157749529835794
Gary Harris,2023-24,ORL,13000000.0,9.56,starter,0,29.0,54,24.0,0.057,0.587,0.114,2.4,0.441,6.405756953764919,3.1542430462350817,3.1542430462350817
RJ Barrett,2025-26,TOR,27705357.0,17.92,star,0,25.0,57,30.3,0.112,0.585,0.254,7.0,0.491,14.769241724576545,3.150758275423456,3.150758275423456
T.J. McConnell,2019-20,IND,3500000.0,3.21,bench,0,28.0,71,18.7,0.122,0.54,0.167,3.0,0.516,6.359701766984286,-3.149701766984286,3.149701766984286
Ben McLemore,2021-22,POR,2389641.0,2.13,bench,0,29.0,64,20.1,0.07,0.567,0.207,3.4,0.401,5.279307173094866,-3.149307173094866,3.149307173094866
Kyle Filipowski,2025-26,UTA,3000000.0,1.94,bench,0,22.0,77,23.4,0.106,0.586,0.197,4.2,0.492,5.086944387442999,-3.1469443874429994,3.1469443874429994
Jaylen Nowell,2022-23,MIN,1930681.0,1.56,bench,0,23.0,65,19.3,0.095,0.527,0.238,4.3,0.448,4.700232654919302,-3.1402326549193016,3.1402326549193016
Lamar Stevens,2023-24,TOT,2419706.0,1.78,bench,0,26.0,38,14.7,0.11,0.516,0.213,2.8,0.45,4.9183935770073335,-3.1383935770073332,3.1383935770073332
Georges Niang,2022-23,PHI,3465000.0,2.8,bench,1,30.0,78,19.4,0.072,0.61,0.162,2.8,0.442,5.938243728057386,-3.138243728057386,3.138243728057386
Dean Wade,2022-23,CLE,1930681.0,1.56,bench,1,26.0,44,20.3,0.061,0.55,0.1,1.7,0.412,4.696534130662749,-3.1365341306627488,3.1365341306627488
Mike Scott,2020-21,PHI,5005350.0,4.59,bench,0,32.0,51,16.7,0.05,0.492,0.116,1.5,0.36,7.724564940892448,-3.1345649408924485,3.1345649408924485
Keita Bates-Diop,2022-23,SAS,1878720.0,1.52,bench,1,27.0,67,21.7,0.099,0.609,0.165,3.5,0.508,4.645741504888105,-3.1257415048881048,3.1257415048881048
Jonathan Isaac,2019-20,ORL,5806440.0,5.32,bench,1,22.0,34,28.8,0.108,0.552,0.181,4.6,0.47,8.443575427101965,-3.123575427101965,3.123575427101965
Frank Jackson,2019-20,NOP,1618520.0,1.48,bench,1,22.0,59,13.5,0.055,0.51,0.203,2.3,0.405,-1.640503170889685,3.120503170889685,3.120503170889685
Tyler Herro,2024-25,MIA,29000000.0,20.63,star,0,25.0,77,35.4,0.139,0.605,0.271,8.5,0.472,17.51970182438318,3.110298175616819,3.110298175616819
Trendon Watford,2024-25,BRK,2726603.0,1.94,bench,0,24.0,44,20.7,0.101,0.557,0.226,3.7,0.469,5.046740412517181,-3.106740412517181,3.106740412517181
Scotty Pippen,2024-25,MEM,2087519.0,1.48,bench,0,24.0,79,21.3,0.106,0.582,0.188,3.6,0.48,4.58502838223496,-3.1050283822349596,3.1050283822349596
Elie Okobo,2019-20,PHO,1416852.0,1.3,bench,0,22.0,55,13.1,0.079,0.516,0.147,1.3,0.398,-1.800886747438904,3.100886747438904,3.100886747438904
Jerami Grant,2023-24,POR,27586207.0,20.28,star,0,30.0,54,33.9,0.1,0.573,0.255,7.1,0.451,17.17921144180733,3.100788558192672,3.100788558192672
RJ Barrett,2020-21,NYK,8231760.0,7.54,bench,0,21.0,72,34.9,0.095,0.535,0.228,6.5,0.441,10.637253605204517,-3.097253605204517,3.097253605204517
Mikal Bridges,2018-19,PHO,3552960.0,3.49,bench,0,22.0,82,29.5,0.064,0.556,0.119,3.0,0.43,0.39301896270678166,3.0969810372932187,3.0969810372932187
Miles Bridges,2024-25,CHO,27173913.0,19.33,star,0,27.0,64,31.7,0.135,0.541,0.273,7.3,0.431,16.233958522132024,3.096041477867974,3.096041477867974
Tyler Herro,2019-20,MIA,3640200.0,3.34,bench,0,20.0,55,27.4,0.099,0.55,0.213,4.9,0.428,6.435810543863634,-3.0958105438636343,3.0958105438636343
Mario Hezonja,2018-19,NYK,6500000.0,6.38,bench,0,24.0,58,20.8,0.082,0.497,0.208,3.3,0.412,3.2855808167245875,3.0944191832754124,3.0944191832754124
Ziaire Williams,2021-22,MEM,4373160.0,3.89,bench,0,20.0,62,21.7,0.055,0.559,0.144,3.1,0.45,0.7973827219474172,3.092617278052583,3.092617278052583
Bryn Forbes,2019-20,SAS,2875000.0,2.63,bench,0,26.0,63,25.1,0.064,0.57,0.185,3.8,0.417,5.721556497868232,-3.0915564978682317,3.0915564978682317
Khem Birch,2020-21,TOT,2996727.0,2.75,bench,1,28.0,67,22.8,0.089,0.552,0.133,2.8,0.497,5.840750072153025,-3.0907500721530248,3.0907500721530248
Deron Williams,2016-17,TOT,14759626.0,15.68,star,0,33.0,64,25.9,0.1,0.541,0.219,4.1,0.438,12.591359755134052,3.088640244865948,3.088640244865948
Kevon Looney,2017-18,GSW,1471382.0,1.49,bench,0,22.0,66,13.8,0.079,0.588,0.121,1.7,0.58,-1.597065630494438,3.087065630494438,3.087065630494438
Alex Sarr,2025-26,WAS,11808240.0,7.64,bench,0,21.0,48,27.2,0.121,0.544,0.252,6.6,0.482,10.724818295350321,-3.0848182953503214,3.0848182953503214
Robert Williams,2020-21,BOS,2029920.0,1.86,bench,1,23.0,52,18.9,0.152,0.719,0.145,3.6,0.721,4.942589650492895,-3.0825896504928947,3.0825896504928947
Brandon Clarke,2022-23,MEM,4343920.0,3.51,bench,1,26.0,56,19.5,0.134,0.681,0.174,4.1,0.656,6.590334846595577,-3.0803348465955773,3.0803348465955773
Patty Mills,2016-17,SAS,3578948.0,3.8,bench,1,28.0,80,21.9,0.1,0.578,0.184,3.4,0.44,6.87206985883027,-3.07206985883027,3.07206985883027
Patrick Patterson,2017-18,OKC,5192000.0,5.24,bench,0,29.0,82,15.5,0.074,0.555,0.112,1.3,0.398,2.1740849347730915,3.0659150652269087,3.0659150652269087
Taylor Hendricks,2023-24,UTA,5569920.0,4.09,bench,0,20.0,40,21.4,0.074,0.578,0.135,2.7,0.45,1.0291696106538113,3.0608303893461883,3.0608303893461883
Isaiah Roby,2021-22,OKC,1782621.0,1.59,bench,1,24.0,45,21.1,0.101,0.607,0.185,3.7,0.514,4.650745807922566,-3.060745807922566,3.060745807922566
Josh Okogie,2018-19,MIN,2160720.0,2.12,bench,0,20.0,74,23.7,0.051,0.492,0.148,2.6,0.386,-0.9402280487289786,3.0602280487289786,3.0602280487289786
Jose Alvarado,2023-24,NOP,1836096.0,1.35,bench,0,26.0,56,18.4,0.081,0.54,0.168,2.5,0.412,4.405408640329499,-3.055408640329499,3.055408640329499
Tim Hardaway,2022-23,DAL,19602273.0,15.85,star,0,31.0,71,30.3,0.081,0.554,0.201,4.8,0.401,12.79625870081944,3.05374129918056,3.05374129918056
James Harden,2018-19,HOU,30421854.0,29.86,max,1,29.0,78,36.8,0.201,0.616,0.396,10.8,0.442,26.809445405618806,3.050554594381193,3.050554594381193
Chris Paul,2017-18,HOU,24599495.0,24.84,star,1,33.0,58,31.8,0.166,0.604,0.241,6.3,0.46,21.792335337874384,3.047664662125616,3.047664662125616
Nic Claxton,2023-24,BRK,9625000.0,7.08,bench,1,25.0,71,29.8,0.128,0.629,0.156,5.2,0.629,10.126351644581431,-3.0463516445814314,3.0463516445814314
Jamal Murray,2016-17,DEN,3210840.0,3.41,bench,0,20.0,82,21.5,0.078,0.518,0.212,3.6,0.404,0.36514726976158896,3.044852730238411,3.044852730238411
Jevon Carter,2023-24,CHI,6190476.0,4.55,bench,0,28.0,72,13.9,0.053,0.485,0.168,1.9,0.378,1.5086207728743897,3.04137922712561,3.04137922712561
Ian Mahinmi,2019-20,WAS,15450051.0,14.16,starter,0,33.0,38,21.3,0.078,0.545,0.154,2.7,0.495,11.120420131317992,3.039579868682008,3.039579868682008
Victor Oladipo,2017-18,IND,21000000.0,21.21,star,0,26.0,75,34.0,0.148,0.577,0.295,8.5,0.477,18.170576211418407,3.039423788581594,3.039423788581594
Dāvis Bertāns,2018-19,SAS,7000000.0,6.87,bench,0,26.0,76,21.5,0.082,0.632,0.135,2.7,0.45,3.8311195285306225,3.0388804714693776,3.0388804714693776
DeMar DeRozan,2021-22,CHI,26000000.0,23.13,star,0,32.0,76,36.1,0.148,0.59,0.308,10.2,0.504,26.16816636429931,-3.038166364299311,3.038166364299311
Ben Sheppard,2023-24,IND,2537160.0,1.87,bench,0,22.0,57,14.3,0.046,0.524,0.125,1.6,0.393,-1.1665601416765767,3.036560141676577,3.036560141676577
Dalton Knecht,2025-26,LAL,4010160.0,2.59,bench,0,25.0,54,10.2,0.069,0.568,0.171,1.6,0.455,-0.4421274893990365,3.0321274893990364,3.0321274893990364
Yogi Ferrell,2017-18,DAL,1312611.0,1.33,bench,1,25.0,82,27.8,0.082,0.54,0.166,3.8,0.426,4.356411408140676,-3.0264114081406763,3.0264114081406763
Amir Coffey,2024-25,LAC,3938271.0,2.8,bench,0,28.0,72,24.3,0.072,0.614,0.15,3.3,0.471,5.823936342419544,-3.0239363424195442,3.0239363424195442
Dyson Daniels,2023-24,NOP,5784120.0,4.25,bench,0,21.0,61,22.3,0.08,0.529,0.123,2.3,0.447,1.229363475791256,3.020636524208744,3.020636524208744
Gary Trent,2021-22,TOR,16000000.0,14.23,starter,0,23.0,70,35.0,0.086,0.546,0.212,6.4,0.414,11.210168221933412,3.019831778066589,3.019831778066589
Isaac Okoro,2023-24,CLE,8920795.0,6.56,bench,0,23.0,69,27.3,0.067,0.599,0.136,3.4,0.49,3.5420810612686573,3.0179189387313423,3.0179189387313423
Cooper Flagg,2025-26,DAL,13825920.0,8.94,starter,0,19.0,70,33.5,0.128,0.548,0.264,8.0,0.468,11.95615607999259,-3.016156079992591,3.016156079992591
Jonathan Kuminga,2022-23,GSW,5739840.0,4.64,bench,0,20.0,67,20.8,0.085,0.597,0.195,3.9,0.525,1.6284934843415126,3.0115065156584873,3.0115065156584873
Deni Avdija,2021-22,WAS,4692840.0,4.17,bench,0,21.0,82,24.2,0.086,0.536,0.158,3.0,0.432,1.159517784904656,3.010482215095344,3.010482215095344
P.J. Washington,2025-26,DAL,14152174.0,9.15,starter,0,27.0,56,31.0,0.093,0.537,0.194,5.3,0.45,12.155569936615837,-3.005569936615837,3.005569936615837
Joel Embiid,2021-22,PHI,31579390.0,28.09,max,0,28.0,68,33.8,0.212,0.616,0.375,9.8,0.499,25.085487474308383,3.0045125256916165,3.0045125256916165
Otto Porter,2016-17,WAS,5893981.0,6.26,bench,1,24.0,80,32.6,0.109,0.628,0.147,5.2,0.516,9.26215960141509,-3.002159601415091,3.002159601415091
Randy Foye,2016-17,BRK,2500000.0,2.66,bench,0,33.0,69,18.6,0.057,0.506,0.143,1.7,0.363,5.65590204319538,-2.99590204319538,2.99590204319538
Jake Layman,2020-21,MIN,3761085.0,3.45,bench,0,27.0,45,13.9,0.074,0.577,0.147,2.0,0.495,0.45504370002219713,2.994956299977803,2.994956299977803
John Konchar,2023-24,MEM,2400000.0,1.76,bench,1,28.0,55,21.3,0.082,0.537,0.096,1.6,0.423,4.7525389852487265,-2.9925389852487267,2.9925389852487267
Jaden McDaniels,2023-24,MIN,3901399.0,2.87,bench,1,23.0,72,29.2,0.056,0.571,0.156,4.3,0.489,5.8595906935242805,-2.9895906935242804,2.9895906935242804
Harrison Barnes,2022-23,SAC,18352273.0,14.84,starter,0,31.0,82,32.5,0.088,0.632,0.168,4.6,0.473,11.853447185567298,2.9865528144327023,2.9865528144327023
Jarrett Culver,2019-20,MIN,5813640.0,5.33,bench,0,21.0,63,23.9,0.055,0.467,0.187,3.7,0.404,2.3447006170182423,2.985299382981758,2.985299382981758
Jarrett Allen,2019-20,BRK,2376840.0,2.18,bench,1,22.0,70,26.5,0.139,0.664,0.148,4.3,0.649,5.163054479006305,-2.9830544790063045,2.9830544790063045
Kenneth Faried,2018-19,TOT,14681317.0,14.41,starter,0,29.0,37,19.7,0.124,0.622,0.194,4.2,0.589,11.42728618572286,2.9827138142771403,2.9827138142771403
Mike Muscala,2023-24,TOT,4010730.0,2.95,bench,0,33.0,53,11.3,0.049,0.47,0.132,1.1,0.359,5.931936529524835,-2.981936529524835,2.981936529524835
Buddy Hield,2022-23,IND,21177750.0,17.13,star,0,30.0,80,31.0,0.104,0.614,0.205,5.9,0.458,14.14914297385482,2.980857026145179,2.980857026145179
Kelly Olynyk,2016-17,BOS,3094014.0,3.29,bench,1,26.0,75,20.5,0.11,0.603,0.185,3.5,0.512,6.268954015611512,-2.978954015611512,2.978954015611512
Jeff Teague,2016-17,IND,8800000.0,9.35,starter,1,29.0,82,32.4,0.131,0.574,0.219,4.9,0.442,12.328587667510632,-2.9785876675106326,2.9785876675106326
Rondae Hollis-Jefferson,2018-19,BRK,2470357.0,2.43,bench,0,24.0,59,20.9,0.088,0.464,0.21,3.4,0.411,5.404850793041753,-2.9748507930417527,2.9748507930417527
Jon Leuer,2016-17,DET,10991957.0,11.68,starter,0,28.0,75,25.9,0.1,0.551,0.169,4.1,0.48,8.707305781178576,2.972694218821424,2.972694218821424
T.J. McConnell,2022-23,IND,8100000.0,6.55,bench,0,31.0,75,20.4,0.134,0.59,0.182,3.8,0.543,9.521749494487091,-2.9717494944870912,2.9717494944870912
Khris Middleton,2018-19,MIL,13000000.0,12.76,starter,1,27.0,77,31.1,0.118,0.558,0.246,6.6,0.441,15.731083246564879,-2.971083246564879,2.971083246564879
Tomas Satoransky,2016-17,WAS,2870813.0,3.05,bench,0,25.0,57,12.6,0.064,0.477,0.122,1.1,0.415,0.07952379874847718,2.9704762012515227,2.9704762012515227
Shake Milton,2019-20,PHI,1445697.0,1.32,bench,0,23.0,40,20.1,0.084,0.617,0.186,3.4,0.484,4.281945549325088,-2.9619455493250877,2.9619455493250877
Kosta Koufos,2016-17,SAC,8046500.0,8.55,starter,0,28.0,71,20.0,0.093,0.56,0.151,3.0,0.551,5.588258893118624,2.9617411068813766,2.9617411068813766
Frank Ntilikina,2021-22,DAL,1789256.0,1.59,bench,0,23.0,58,11.8,0.073,0.513,0.165,1.5,0.399,-1.3708995850675796,2.9608995850675797,2.9608995850675797
Tre Johnson,2025-26,WAS,8237640.0,5.33,bench,0,20.0,60,24.0,0.068,0.535,0.22,4.5,0.419,2.3849793616437864,2.9450206383562136,2.9450206383562136
Ja'Kobe Walter,2025-26,TOR,3638160.0,2.35,bench,0,21.0,72,20.5,0.069,0.61,0.136,2.5,0.446,-0.5934753916222046,2.9434753916222047,2.9434753916222047
Cedric Coward,2025-26,MEM,5715120.0,3.7,bench,0,22.0,62,25.8,0.11,0.585,0.207,4.9,0.471,6.641217012456668,-2.9412170124566677,2.9412170124566677
Damion Lee,2020-21,GSW,1762796.0,1.62,bench,0,28.0,57,18.9,0.088,0.636,0.127,2.2,0.467,4.5548189735755855,-2.9348189735755854,2.9348189735755854
Kris Humphries,2016-17,ATL,4000000.0,4.25,bench,0,32.0,56,12.3,0.105,0.514,0.176,1.6,0.407,7.184237091950137,-2.934237091950137,2.934237091950137
Keegan Murray,2024-25,SAC,8809560.0,6.27,bench,1,24.0,76,34.3,0.075,0.553,0.148,4.8,0.444,9.200698517190956,-2.9306985171909563,2.9306985171909563
Naz Reid,2025-26,MIN,21551724.0,13.94,starter,0,26.0,77,26.1,0.112,0.565,0.212,5.2,0.456,11.010041584014495,2.9299584159855048,2.9299584159855048
Julian Strawther,2023-24,DEN,2431080.0,1.79,bench,0,22.0,50,10.9,0.055,0.482,0.193,1.6,0.369,-1.139709525441978,2.929709525441978,2.929709525441978
Chet Holmgren,2023-24,OKC,10386000.0,7.64,bench,0,22.0,82,29.4,0.133,0.632,0.21,6.2,0.53,10.568048102900814,-2.9280481029008145,2.9280481029008145
Ochai Agbaji,2024-25,TOR,4310280.0,3.07,bench,1,25.0,64,27.2,0.081,0.601,0.144,4.2,0.498,5.995087201168959,-2.925087201168959,2.925087201168959
Donte DiVincenzo,2019-20,MIL,2905800.0,2.66,bench,0,23.0,66,23.0,0.102,0.557,0.168,3.5,0.455,5.584976354570988,-2.9249763545709877,2.9249763545709877
Austin Rivers,2021-22,DEN,2401537.0,2.14,bench,0,29.0,67,22.1,0.043,0.546,0.123,2.2,0.417,5.0625465439794635,-2.9225465439794633,2.9225465439794633
Deni Avdija,2020-21,WAS,4469160.0,4.09,bench,0,20.0,54,23.3,0.06,0.515,0.118,2.4,0.417,1.1685087279896345,2.9214912720103654,2.9214912720103654
Robin Lopez,2016-17,CHI,13219250.0,14.04,starter,0,29.0,81,28.0,0.083,0.511,0.172,4.7,0.493,11.120293085952392,2.919706914047607,2.919706914047607
Clint Capela,2020-21,ATL,16000000.0,14.66,starter,0,27.0,63,30.1,0.158,0.601,0.193,6.6,0.594,17.567796601603003,-2.9077966016030032,2.9077966016030032
Devin Harris,2016-17,DAL,4228000.0,4.49,bench,0,34.0,65,16.7,0.095,0.549,0.191,2.1,0.399,7.3939874041219085,-2.9039874041219083,2.9039874041219083
Rajon Rondo,2016-17,CHI,14000000.0,14.87,starter,0,31.0,69,26.7,0.106,0.461,0.174,3.3,0.408,11.970610048059566,2.8993899519404334,2.8993899519404334
P.J. Tucker,2017-18,HOU,7590035.0,7.66,bench,0,33.0,82,27.8,0.059,0.537,0.103,2.1,0.39,10.554554608874819,-2.8945546088748184,2.8945546088748184
Gabe Vincent,2024-25,LAL,11000000.0,7.82,bench,0,29.0,72,21.2,0.039,0.536,0.131,2.3,0.4,4.927289860318176,2.8927101396818244,2.8927101396818244
Jalen Green,2022-23,HOU,9441840.0,7.64,bench,0,21.0,76,34.2,0.096,0.538,0.274,7.4,0.416,10.53250909212991,-2.8925090921299104,2.8925090921299104
Jabari Walker,2024-25,POR,2019699.0,1.44,bench,0,22.0,60,12.5,0.107,0.601,0.156,2.0,0.515,-1.4509288026295204,2.8909288026295203,2.8909288026295203
Andrew Wiggins,2025-26,MIA,28223215.0,18.25,star,0,31.0,68,30.3,0.092,0.586,0.194,5.7,0.475,15.364365431077161,2.885634568922839,2.885634568922839
Kevin Huerter,2021-22,ATL,4253357.0,3.78,bench,1,23.0,74,29.6,0.072,0.57,0.169,4.7,0.454,6.663816861801229,-2.8838168618012294,2.8838168618012294
Richaun Holmes,2016-17,PHI,1025831.0,1.09,bench,1,23.0,57,20.9,0.116,0.611,0.184,4.0,0.558,3.9731281397365845,-2.883128139736584,2.883128139736584
Patty Mills,2019-20,SAS,12428571.0,11.39,starter,0,31.0,66,22.5,0.082,0.592,0.193,3.9,0.431,8.51422476408376,2.8757752359162403,2.8757752359162403
Jabari Smith Jr.,2025-26,HOU,12350392.0,7.99,bench,0,23.0,77,35.1,0.093,0.569,0.179,5.7,0.449,10.863865910390007,-2.8738659103900073,2.8738659103900073
Dante Cunningham,2018-19,SAS,2487000.0,2.44,bench,0,32.0,64,14.5,0.067,0.585,0.086,1.2,0.475,5.312742747046326,-2.8727427470463263,2.8727427470463263
Isaiah Stewart,2025-26,DET,15000000.0,9.7,starter,0,25.0,58,22.7,0.095,0.632,0.164,3.8,0.55,6.827811905524596,2.872188094475403,2.872188094475403
Derrick Favors,2016-17,UTA,11050000.0,11.74,starter,0,25.0,50,23.7,0.108,0.512,0.204,4.1,0.487,8.868445160296101,2.871554839703899,2.871554839703899
Luke Kennard,2017-18,DET,2759280.0,2.79,bench,0,22.0,73,20.0,0.086,0.56,0.169,2.8,0.443,-0.08091807891930766,2.8709180789193076,2.8709180789193076
Anthony Edwards,2021-22,MIN,10245480.0,9.11,starter,0,20.0,72,34.2,0.111,0.56,0.262,7.6,0.441,11.974153159680192,-2.8641531596801926,2.8641531596801926
Kristaps Porziņģis,2024-25,BOS,29268293.0,20.82,star,0,29.0,42,28.8,0.132,0.618,0.253,6.6,0.483,17.957045750261635,2.8629542497383653,2.8629542497383653
Deandre Ayton,2020-21,PHO,10018200.0,9.18,starter,1,22.0,69,30.6,0.13,0.653,0.179,6.2,0.626,12.041585935642852,-2.861585935642852,2.861585935642852
Mike Scott,2019-20,PHI,4767000.0,4.37,bench,0,31.0,68,17.8,0.079,0.557,0.132,2.2,0.426,7.218222838671908,-2.8482228386719077,2.8482228386719077
Jordan Hawkins,2023-24,NOP,4310160.0,3.17,bench,0,22.0,67,17.3,0.067,0.533,0.188,2.6,0.382,0.32454595649885987,2.84545404350114,2.84545404350114
Trayce Jackson-Davis,2024-25,GSW,1891857.0,1.35,bench,0,25.0,62,15.6,0.12,0.587,0.164,2.8,0.576,4.1903751483970435,-2.8403751483970434,2.8403751483970434
D.J. Augustin,2018-19,ORL,7250000.0,7.12,bench,0,31.0,81,28.0,0.103,0.616,0.169,3.9,0.47,9.958701609249596,-2.838701609249596,2.838701609249596
Monte Morris,2024-25,PHO,2087519.0,1.48,bench,0,30.0,45,12.7,0.096,0.546,0.173,1.8,0.426,4.317300986493116,-2.837300986493116,2.837300986493116
Alex Len,2021-22,SAC,3732000.0,3.32,bench,0,29.0,39,15.9,0.074,0.577,0.165,2.4,0.534,6.153570288938594,-2.8335702889385943,2.8335702889385943
Josh Hart,2025-26,NYK,19472240.0,12.59,starter,0,31.0,66,30.2,0.118,0.612,0.163,4.6,0.508,15.419927131797532,-2.8299271317975325,2.8299271317975325
Kyle Kuzma,2025-26,MIL,22410605.0,14.49,starter,0,30.0,69,26.2,0.096,0.581,0.212,4.9,0.492,11.662559037246147,2.827440962753853,2.827440962753853
George Hill,2019-20,MIL,10133907.0,9.29,starter,0,34.0,59,21.5,0.117,0.659,0.152,3.3,0.516,12.11737463574992,-2.827374635749921,2.827374635749921
Donovan Clingan,2024-25,POR,6836400.0,4.86,bench,0,21.0,67,19.8,0.105,0.574,0.135,2.7,0.539,2.034596022210923,2.8254039777890774,2.8254039777890774
Obi Toppin,2024-25,IND,12975000.0,9.23,starter,0,27.0,79,19.6,0.115,0.642,0.191,4.0,0.529,6.405056774260859,2.8249432257391414,2.8249432257391414
Jaylen Wells,2025-26,MEM,1955377.0,1.26,bench,0,22.0,69,26.4,0.069,0.559,0.189,4.4,0.431,4.084769410366226,-2.824769410366226,2.824769410366226
Miles Bridges,2018-19,CHO,3206640.0,3.15,bench,0,21.0,80,21.2,0.085,0.548,0.147,3.0,0.464,0.32601123713327185,2.823988762866728,2.823988762866728
Tony Parker,2017-18,SAS,15453126.0,15.6,star,0,36.0,55,19.5,0.094,0.498,0.201,3.2,0.459,12.77763492263495,2.822365077365049,2.822365077365049
T.J. McConnell,2018-19,PHI,1600520.0,1.57,bench,1,27.0,76,19.3,0.097,0.555,0.148,2.9,0.525,4.390762943212062,-2.8207629432120616,2.8207629432120616
De'Andre Hunter,2022-23,ATL,9835881.0,7.95,bench,1,25.0,67,31.7,0.069,0.563,0.193,5.7,0.461,10.769914315548856,-2.819914315548856,2.819914315548856
Aaron Gordon,2023-24,DEN,22266182.0,16.37,star,0,28.0,73,31.5,0.103,0.607,0.174,5.5,0.556,13.550861328780902,2.8191386712190987,2.8191386712190987
Langston Galloway,2018-19,DET,7000000.0,6.87,bench,0,27.0,80,21.8,0.063,0.534,0.153,2.9,0.388,4.054357857072017,2.8156421429279828,2.8156421429279828
Maxi Kleber,2018-19,DAL,1378242.0,1.35,bench,1,27.0,71,21.2,0.089,0.579,0.132,2.5,0.453,4.164595108612855,-2.814595108612855,2.814595108612855
Cody Williams,2025-26,UTA,5742480.0,3.71,bench,0,21.0,67,24.3,0.057,0.524,0.159,3.6,0.468,0.8977590392483104,2.81224096075169,2.81224096075169
Romeo Langford,2022-23,SAS,5634257.0,4.56,bench,0,23.0,43,19.6,0.059,0.524,0.148,2.8,0.467,1.7533031220935529,2.8066968779064467,2.8066968779064467
LaMarcus Aldridge,2017-18,SAS,21461010.0,21.67,star,0,32.0,75,33.4,0.159,0.57,0.288,9.2,0.51,24.47410034676221,-2.8041003467622083,2.8041003467622083
Jabari Parker,2017-18,MIL,6782392.0,6.85,bench,1,23.0,31,24.0,0.111,0.55,0.228,5.2,0.482,9.651116041470852,-2.801116041470852,2.801116041470852
Tyler Johnson,2016-17,MIA,5628000.0,5.98,bench,0,25.0,73,29.8,0.108,0.535,0.203,4.9,0.433,8.77165630639377,-2.7916563063937687,2.7916563063937687
Mike Conley,2021-22,UTA,21000000.0,18.68,star,0,34.0,72,28.6,0.113,0.572,0.202,4.8,0.435,15.895485788450067,2.784514211549933,2.784514211549933
Matisse Thybulle,2019-20,PHI,2582160.0,2.37,bench,0,23.0,65,19.8,0.044,0.539,0.108,1.7,0.423,-0.41339121718300403,2.783391217183004,2.783391217183004
Georges Niang,2020-21,UTA,1783557.0,1.63,bench,1,28.0,72,16.0,0.076,0.602,0.169,2.5,0.437,4.409924405671155,-2.7799244056711547,2.7799244056711547
Shabazz Napier,2018-19,BRK,1942422.0,1.91,bench,0,27.0,56,17.6,0.106,0.534,0.234,3.0,0.389,4.686520203717892,-2.776520203717892,2.776520203717892
Andrew Nembhard,2022-23,IND,2244111.0,1.81,bench,0,23.0,75,27.6,0.068,0.528,0.159,3.8,0.441,4.582739755428373,-2.7727397554283733,2.7727397554283733
Haywood Highsmith,2023-24,MIA,1902137.0,1.4,bench,1,27.0,66,20.7,0.067,0.587,0.121,2.3,0.465,4.1705828487126535,-2.7705828487126536,2.7705828487126536
Rondae Hollis-Jefferson,2019-20,TOR,2500000.0,2.29,bench,0,25.0,60,18.7,0.101,0.533,0.164,2.6,0.471,5.058958419733124,-2.7689584197331243,2.7689584197331243
Derrick Jones Jr.,2025-26,LAC,10000000.0,6.47,bench,0,29.0,50,27.0,0.072,0.6,0.144,3.8,0.499,9.23885530346238,-2.76885530346238,2.76885530346238
Dillon Brooks,2022-23,MEM,11400000.0,9.22,starter,1,27.0,73,30.3,0.06,0.494,0.214,5.4,0.396,11.988034915724995,-2.7680349157249946,2.7680349157249946
Dennis Smith,2019-20,NYK,4463640.0,4.09,bench,1,22.0,34,15.8,0.049,0.399,0.223,2.1,0.341,1.323166498467943,2.766833501532057,2.766833501532057
Jalen Johnson,2022-23,ATL,2792640.0,2.26,bench,0,21.0,70,14.9,0.099,0.554,0.156,2.3,0.491,-0.5049421874374045,2.7649421874374043,2.7649421874374043
Monte Morris,2021-22,DEN,8849071.0,7.87,bench,0,27.0,75,29.9,0.098,0.583,0.173,5.0,0.484,10.634708376724847,-2.7647083767248466,2.7647083767248466
Karlo Matković,2024-25,NOP,1407153.0,1.0,bench,1,24.0,42,18.8,0.096,0.639,0.155,3.2,0.574,3.756648836450353,-2.756648836450353,2.756648836450353
Joel Embiid,2018-19,PHI,25467250.0,25.0,star,0,25.0,64,33.7,0.196,0.593,0.327,9.1,0.484,22.245500758631845,2.754499241368155,2.754499241368155
Darrell Arthur,2016-17,DEN,8070175.0,8.57,starter,0,29.0,41,15.6,0.077,0.583,0.176,2.3,0.442,5.817719916583106,2.7522800834168946,2.7522800834168946
Elfrid Payton,2021-22,PHO,2239544.0,1.99,bench,0,28.0,50,11.0,0.067,0.397,0.175,1.3,0.383,4.7392899126974815,-2.7492899126974812,2.7492899126974812
Delon Wright,2019-20,DAL,9473684.0,8.68,starter,0,28.0,73,21.5,0.106,0.554,0.14,2.6,0.462,5.934282251244553,2.745717748755447,2.745717748755447
Dejounte Murray,2024-25,NOP,29517135.0,21.0,star,0,28.0,31,32.6,0.118,0.494,0.263,6.3,0.393,18.25745322373198,2.7425467762680213,2.7425467762680213
Coby White,2020-21,CHI,5572680.0,5.11,bench,0,21.0,69,31.2,0.088,0.54,0.219,5.4,0.416,7.85085873741142,-2.7408587374114193,2.7408587374114193
Domantas Sabonis,2016-17,OKC,2440200.0,2.59,bench,0,21.0,81,20.1,0.049,0.469,0.156,2.4,0.399,-0.14713856551273238,2.737138565512732,2.737138565512732
Trey Lyles,2016-17,UTA,2340600.0,2.49,bench,0,21.0,71,16.3,0.076,0.464,0.209,2.2,0.362,-0.24647697877248503,2.7364769787724854,2.7364769787724854
E'Twaun Moore,2017-18,NOP,8445024.0,8.53,starter,0,29.0,82,31.5,0.073,0.593,0.158,5.2,0.508,11.266134869516248,-2.736134869516249,2.736134869516249
Darius Bazley,2019-20,OKC,2284800.0,2.09,bench,0,20.0,61,18.5,0.087,0.497,0.146,2.0,0.394,-0.6444317281019323,2.7344317281019324,2.7344317281019324
Deandre Ayton,2018-19,PHO,8165160.0,8.02,starter,0,20.0,71,30.7,0.139,0.608,0.21,7.2,0.585,10.75141417159248,-2.73141417159248,2.73141417159248
Bryn Forbes,2020-21,MIL,2337145.0,2.14,bench,1,27.0,70,19.3,0.076,0.631,0.18,3.6,0.473,4.8708781217757835,-2.7308781217757834,2.7308781217757834
Treveon Graham,2018-19,BRK,1512601.0,1.48,bench,0,25.0,35,20.4,0.038,0.458,0.123,1.8,0.335,4.21045937749699,-2.7304593774969903,2.7304593774969903
Ausar Thompson,2023-24,DET,7977480.0,5.86,bench,0,21.0,63,25.1,0.084,0.522,0.161,3.7,0.483,3.1304435247886775,2.729556475211323,2.729556475211323
Pascal Siakam,2017-18,TOR,1312611.0,1.33,bench,0,24.0,81,20.7,0.102,0.549,0.154,3.1,0.508,4.056747152986886,-2.726747152986886,2.726747152986886
Isaac Okoro,2025-26,CHI,11000000.0,7.11,bench,0,25.0,63,26.9,0.05,0.574,0.137,3.3,0.46,4.385367556515596,2.7246324434844045,2.7246324434844045
Chris Boucher,2023-24,TOR,11750000.0,8.64,starter,0,31.0,50,14.1,0.106,0.625,0.167,2.2,0.507,5.9163090445477104,2.72369095545229,2.72369095545229
Russell Westbrook,2017-18,OKC,28530608.0,28.81,max,1,29.0,80,36.4,0.186,0.524,0.326,9.5,0.449,26.088479477948226,2.7215205220517724,2.7215205220517724
Patty Mills,2020-21,SAS,13535714.0,12.4,starter,0,32.0,68,24.8,0.079,0.57,0.177,3.7,0.412,9.682374334866791,2.717625665133209,2.717625665133209
Willy Hernangómez,2018-19,CHO,1544951.0,1.52,bench,0,25.0,58,14.0,0.118,0.587,0.206,2.6,0.519,4.235506899508008,-2.7155068995080076,2.7155068995080076
Derrick Jones,2022-23,CHI,3200000.0,2.59,bench,1,26.0,64,14.0,0.077,0.597,0.138,1.8,0.5,-0.12024593686682601,2.710245936866826,2.710245936866826
Dennis Smith,2023-24,BRK,2019706.0,1.48,bench,0,26.0,56,18.9,0.092,0.508,0.174,2.6,0.435,4.186262901802382,-2.7062629018023823,2.7062629018023823
Luka Dončić,2025-26,LAL,45999660.0,29.74,max,0,27.0,64,35.8,0.188,0.616,0.368,10.8,0.476,27.034465380183445,2.7055346198165537,2.7055346198165537
Aron Baynes,2016-17,DET,6500000.0,6.9,bench,0,30.0,75,15.5,0.085,0.57,0.139,1.9,0.513,4.195681234302681,2.7043187656973195,2.7043187656973195
Jaren Jackson,2024-25,MEM,25257798.0,17.97,star,0,25.0,74,29.8,0.124,0.591,0.274,8.0,0.488,15.272956741045078,2.6970432589549205,2.6970432589549205
Alex Sarr,2024-25,WAS,11245680.0,8.0,bench,0,20.0,67,27.1,0.084,0.482,0.23,4.9,0.394,5.305374193632459,2.694625806367541,2.694625806367541
Jordan Clarkson,2021-22,UTA,12420000.0,11.05,starter,0,30.0,79,27.1,0.097,0.532,0.258,5.9,0.419,13.743797819022697,-2.6937978190226968,2.6937978190226968
Malcolm Brogdon,2019-20,IND,20000000.0,18.33,star,0,27.0,54,30.9,0.136,0.541,0.249,6.0,0.438,15.637291474943908,2.6927085250560907,2.6927085250560907
Antonio Blakeney,2018-19,CHI,1349383.0,1.32,bench,0,22.0,57,14.5,0.073,0.487,0.24,2.9,0.419,-1.3721813886398118,2.6921813886398116,2.6921813886398116
Kenrich Williams,2020-21,OKC,2000000.0,1.83,bench,0,26.0,66,21.6,0.09,0.599,0.148,3.3,0.533,4.51888148940719,-2.6888814894071897,2.6888814894071897
Justin Edwards,2025-26,PHI,2048494.0,1.32,bench,0,22.0,64,15.3,0.068,0.572,0.154,2.2,0.447,-1.3682040216424691,2.688204021642469,2.688204021642469
Torrey Craig,2018-19,DEN,2000000.0,1.96,bench,0,28.0,75,20.0,0.055,0.547,0.121,2.1,0.442,4.647987484588573,-2.6879874845885734,2.6879874845885734
P.J. Tucker,2022-23,PHI,10490000.0,8.48,starter,0,38.0,75,25.6,0.032,0.566,0.066,1.3,0.427,11.167986037537315,-2.687986037537314,2.687986037537314
Élie Okobo,2018-19,PHO,1238464.0,1.22,bench,0,21.0,53,18.1,0.053,0.489,0.168,2.2,0.393,-1.4662231620916124,2.686223162091612,2.686223162091612
Tomáš Satoranský,2020-21,CHI,10000000.0,9.16,starter,0,29.0,58,22.5,0.096,0.614,0.15,2.9,0.514,6.477018212271144,2.682981787728856,2.682981787728856
Tyler Herro,2025-26,MIA,31000000.0,20.05,star,0,26.0,33,31.3,0.122,0.602,0.248,7.5,0.48,17.37089630498168,2.67910369501832,2.67910369501832
Garrison Mathews,2024-25,ATL,2230253.0,1.59,bench,0,28.0,47,17.6,0.068,0.606,0.153,2.2,0.397,4.267667003632498,-2.6776670036324983,2.6776670036324983
Jevon Carter,2020-21,PHO,3925000.0,3.6,bench,0,25.0,60,11.9,0.075,0.548,0.146,1.6,0.422,0.9278268043376315,2.6721731956623684,2.6721731956623684
Doug McDermott,2021-22,SAS,13750000.0,12.23,starter,0,30.0,51,24.0,0.068,0.593,0.178,4.2,0.462,9.559019738169376,2.670980261830625,2.670980261830625
Marvin Bagley,2022-23,DET,12500000.0,10.11,starter,0,24.0,42,23.6,0.112,0.587,0.202,4.8,0.529,7.439923604299245,2.6700763957007547,2.6700763957007547
Killian Hayes,2023-24,DET,7413955.0,5.45,bench,0,22.0,42,24.0,0.077,0.474,0.147,2.8,0.413,2.784568768889499,2.6654312311105013,2.6654312311105013
De'Aaron Fox,2023-24,SAC,32600060.0,23.97,star,0,26.0,74,35.9,0.128,0.567,0.3,9.7,0.465,21.30737334867963,2.6626266513203696,2.6626266513203696
Dean Wade,2024-25,CLE,6166667.0,4.39,bench,0,28.0,59,21.2,0.067,0.563,0.101,1.9,0.413,7.0498604182700975,-2.659860418270098,2.659860418270098
Donte DiVincenzo,2025-26,MIN,11990000.0,7.75,bench,0,29.0,82,30.4,0.084,0.567,0.164,4.1,0.406,10.408160955180646,-2.658160955180646,2.658160955180646
Craig Porter Jr.,2025-26,CLE,2221677.0,1.44,bench,0,26.0,64,17.9,0.092,0.524,0.119,1.8,0.45,4.096599353077157,-2.656599353077157,2.656599353077157
Tristan Da Silva,2025-26,ORL,3809520.0,2.46,bench,0,25.0,77,24.7,0.085,0.576,0.16,3.6,0.45,5.11647750104225,-2.65647750104225,2.65647750104225
Jalen Pickett,2025-26,DEN,2221677.0,1.44,bench,0,26.0,50,16.1,0.084,0.541,0.148,2.0,0.422,4.095933838176869,-2.655933838176869,2.655933838176869
Thomas Robinson,2016-17,LAL,1050961.0,1.12,bench,0,26.0,48,11.7,0.114,0.535,0.2,2.2,0.536,3.774842161521454,-2.654842161521454,2.654842161521454
Clint Capela,2024-25,ATL,22265280.0,15.84,star,0,31.0,55,21.4,0.117,0.564,0.16,4.0,0.559,13.189086366376392,2.650913633623608,2.650913633623608
Killian Hayes,2020-21,DET,5307120.0,4.86,bench,0,19.0,26,25.8,0.053,0.422,0.185,2.7,0.353,2.209548019827212,2.650451980172788,2.650451980172788
E'Twaun Moore,2018-19,NOP,8808685.0,8.65,starter,0,30.0,53,27.6,0.067,0.567,0.17,4.8,0.481,11.298155941548432,-2.6481559415484313,2.6481559415484313
Caleb Martin,2025-26,DAL,9594044.0,6.2,bench,0,30.0,58,14.8,0.063,0.526,0.122,1.5,0.45,3.558171788910027,2.6418282110899733,2.6418282110899733
Kenrich Williams,2024-25,OKC,6669000.0,4.74,bench,0,30.0,69,16.4,0.093,0.587,0.151,2.5,0.483,7.3799569546029264,-2.6399569546029262,2.6399569546029262
Jock Landale,2023-24,HOU,8000000.0,5.88,bench,0,28.0,56,13.6,0.092,0.584,0.139,1.9,0.515,3.2454999755389604,2.6345000244610395,2.6345000244610395
Isaiah Collier,2025-26,UTA,2638200.0,1.71,bench,0,21.0,59,25.7,0.102,0.567,0.204,4.3,0.495,4.340471068378557,-2.630471068378557,2.630471068378557
Isaiah Jackson,2021-22,IND,2451120.0,2.18,bench,0,20.0,36,15.0,0.093,0.607,0.214,3.2,0.563,-0.4499846693131844,2.6299846693131848,2.6299846693131848
Jaylen Clark,2025-26,MIN,2191897.0,1.42,bench,0,24.0,68,13.1,0.054,0.534,0.126,1.5,0.434,-1.2083074412996722,2.628307441299672,2.628307441299672
Alex Len,2016-17,PHO,4823621.0,5.12,bench,0,24.0,77,20.3,0.095,0.553,0.174,3.0,0.497,2.49207652050325,2.6279234794967503,2.6279234794967503
Jarrett Allen,2017-18,BRK,1713720.0,1.73,bench,0,20.0,72,20.0,0.108,0.636,0.162,3.3,0.589,-0.8974142292732759,2.627414229273276,2.627414229273276
Quentin Grimes,2025-26,PHI,8741209.0,5.65,bench,0,26.0,75,29.4,0.092,0.585,0.183,4.5,0.45,8.274147691851091,-2.624147691851091,2.624147691851091
Austin Reaves,2023-24,LAL,12015150.0,8.83,starter,0,26.0,82,32.1,0.105,0.613,0.198,5.6,0.486,11.450623497823672,-2.620623497823672,2.620623497823672
Bogdan Bogdanović,2021-22,ATL,18000000.0,16.01,star,0,29.0,63,29.3,0.098,0.562,0.212,5.4,0.431,13.394099512152618,2.6159004878473837,2.6159004878473837
Scoot Henderson,2024-25,POR,10259160.0,7.3,bench,0,21.0,66,26.7,0.084,0.54,0.22,4.3,0.419,4.684898949635602,2.615101050364398,2.615101050364398
Terrance Ferguson,2019-20,OKC,2475840.0,2.27,bench,1,22.0,56,22.5,0.007,0.481,0.092,1.4,0.355,-0.34193186954358507,2.611931869543585,2.611931869543585
Royce O'Neale,2022-23,BRK,9200000.0,7.44,bench,0,30.0,76,31.7,0.067,0.538,0.136,3.0,0.386,10.047874291908956,-2.6078742919089555,2.6078742919089555
Reggie Jackson,2022-23,TOT,11457217.0,9.27,starter,0,33.0,68,24.4,0.073,0.514,0.205,3.9,0.411,11.87776380959656,-2.6077638095965607,2.6077638095965607
D'Angelo Russell,2023-24,LAL,17307693.0,12.72,starter,0,28.0,76,32.7,0.103,0.588,0.222,6.5,0.456,15.322034715130883,-2.6020347151308822,2.6020347151308822
Patty Mills,2022-23,BRK,6479000.0,5.24,bench,0,34.0,40,14.2,0.069,0.554,0.182,2.2,0.411,7.838907711466754,-2.5989077114667536,2.5989077114667536
Tobias Harris,2024-25,DET,25365854.0,18.04,star,0,32.0,73,31.6,0.1,0.571,0.173,5.3,0.477,15.44140329007542,2.5985967099245784,2.5985967099245784
Brice Sensabaugh,2025-26,UTA,2693760.0,1.74,bench,0,22.0,75,23.5,0.09,0.59,0.244,5.3,0.46,4.329935427097562,-2.5899354270975614,2.5899354270975614
Dylan Harper,2025-26,SAS,12370320.0,8.0,bench,0,20.0,69,22.6,0.113,0.574,0.211,4.8,0.505,5.4123691692428535,2.5876308307571465,2.5876308307571465
Terry Rozier,2018-19,BOS,3050390.0,2.99,bench,1,25.0,79,22.7,0.103,0.501,0.181,3.3,0.387,5.57701145525941,-2.58701145525941,2.58701145525941
Ersan İlyasova,2018-19,MIL,7000000.0,6.87,bench,0,32.0,67,18.4,0.071,0.548,0.151,2.5,0.438,9.456655141607586,-2.5866551416075856,2.5866551416075856
Aaron Brooks,2016-17,IND,2700000.0,2.87,bench,0,32.0,65,13.7,0.062,0.507,0.186,1.9,0.403,5.455127986419215,-2.5851279864192147,2.5851279864192147
Lance Thomas,2018-19,NYK,7119650.0,6.99,bench,0,31.0,46,17.0,0.043,0.482,0.127,1.7,0.396,4.409627921441149,2.5803720785588515,2.5803720785588515
Goga Bitadze,2025-26,ORL,8333333.0,5.39,bench,0,26.0,64,15.2,0.122,0.7,0.128,2.4,0.676,2.8120260474556074,2.5779739525443923,2.5779739525443923
Cameron Johnson,2020-21,PHO,4235160.0,3.88,bench,0,25.0,60,24.0,0.081,0.563,0.164,3.4,0.42,6.451912792968791,-2.5719127929687913,2.5719127929687913
Caleb Martin,2022-23,MIA,6479000.0,5.24,bench,0,27.0,71,29.3,0.078,0.571,0.143,3.6,0.464,7.811689249757422,-2.571689249757422,2.571689249757422
Evan Fournier,2019-20,ORL,17000000.0,15.58,star,0,27.0,66,31.4,0.097,0.595,0.237,6.6,0.467,13.009370319106484,2.570629680893516,2.570629680893516
Tomáš Satoranský,2018-19,WAS,3129187.0,3.07,bench,1,27.0,80,27.0,0.092,0.59,0.139,3.2,0.485,5.639723671933227,-2.5697236719332275,2.5697236719332275
Wesley Johnson,2016-17,LAC,5628000.0,5.98,bench,0,29.0,68,11.9,0.067,0.448,0.122,1.1,0.365,3.418194828444242,2.5618051715557586,2.5618051715557586
Landry Shamet,2022-23,PHO,9500000.0,7.68,bench,0,26.0,40,20.2,0.075,0.537,0.186,2.8,0.377,5.1212500838795005,2.558749916120499,2.558749916120499
Nic Claxton,2021-22,BRK,1782621.0,1.59,bench,1,23.0,47,20.7,0.114,0.672,0.15,3.8,0.674,4.147008747685578,-2.557008747685578,2.557008747685578
Sterling Brown,2019-20,MIL,1618520.0,1.48,bench,0,25.0,52,14.7,0.082,0.486,0.162,1.8,0.371,4.034198610243608,-2.5541986102436076,2.5541986102436076
Rodions Kurucs,2019-20,BRK,1699236.0,1.56,bench,0,22.0,47,14.5,0.067,0.555,0.142,1.7,0.446,-0.991559135122782,2.551559135122782,2.551559135122782
Nerlens Noel,2021-22,NYK,8800000.0,7.83,bench,0,28.0,25,22.5,0.069,0.581,0.072,1.3,0.533,5.281255744196825,2.548744255803175,2.548744255803175
Frank Ntilikina,2022-23,DAL,2036318.0,1.65,bench,0,24.0,47,12.9,0.033,0.461,0.125,1.0,0.364,-0.8974243950381726,2.5474243950381723,2.5474243950381723
Tre Mann,2025-26,CHO,8000000.0,5.17,bench,0,25.0,53,12.6,0.062,0.462,0.231,2.1,0.36,2.62502790402508,2.54497209597492,2.54497209597492
Semi Ojeleye,2018-19,BOS,1378242.0,1.35,bench,0,24.0,56,10.6,0.057,0.531,0.137,1.2,0.424,-1.1928826432008985,2.5428826432008984,2.5428826432008984
Jock Landale,2022-23,PHO,1563518.0,1.26,bench,1,27.0,69,14.2,0.106,0.595,0.182,2.6,0.528,3.800716891483962,-2.540716891483962,2.540716891483962
Christian Koloko,2022-23,TOR,1500000.0,1.21,bench,0,23.0,58,13.8,0.046,0.517,0.1,1.2,0.48,-1.3269989710307846,2.5369989710307843,2.5369989710307843
Jeremy Sochan,2024-25,SAS,5570040.0,3.96,bench,1,22.0,54,25.3,0.101,0.589,0.184,4.6,0.535,6.492232069245074,-2.532232069245074,2.532232069245074
James Johnson,2017-18,MIA,13954000.0,14.09,starter,0,31.0,73,26.6,0.112,0.575,0.185,4.2,0.503,11.55980581356547,2.53019418643453,2.53019418643453
Jabari Smith,2022-23,HOU,8882640.0,7.18,bench,0,20.0,79,31.0,0.077,0.514,0.183,4.6,0.408,4.650227762572763,2.5297722374272364,2.5297722374272364
Larry Nance,2019-20,CLE,12727273.0,11.66,starter,0,27.0,56,26.3,0.125,0.608,0.15,4.1,0.531,9.132650466098873,2.527349533901127,2.527349533901127
John Collins,2024-25,UTA,26580000.0,18.91,star,0,27.0,40,30.5,0.129,0.628,0.234,7.0,0.527,16.383900486034555,2.5260995139654447,2.5260995139654447
Will Riley,2025-26,WAS,3512520.0,2.27,bench,0,20.0,74,22.1,0.08,0.548,0.196,3.7,0.439,-0.2557288546001878,2.525728854600188,2.525728854600188
Anthony Davis,2019-20,LAL,27093019.0,24.82,star,1,27.0,62,34.4,0.179,0.61,0.284,8.9,0.503,22.294648342136718,2.5253516578632826,2.5253516578632826
Jalen Smith,2025-26,CHI,9000000.0,5.82,bench,0,26.0,53,20.7,0.109,0.608,0.183,3.7,0.483,8.344728352952714,-2.524728352952714,2.524728352952714
Alex Caruso,2023-24,CHI,9460000.0,6.95,bench,0,30.0,71,28.7,0.089,0.613,0.146,3.6,0.468,9.474141842402673,-2.524141842402673,2.524141842402673
Damian Jones,2019-20,ATL,2305057.0,2.11,bench,0,25.0,55,16.1,0.08,0.712,0.113,2.2,0.68,-0.4095279910311625,2.5195279910311625,2.5195279910311625
Ed Davis,2018-19,BRK,4449000.0,4.37,bench,0,30.0,81,17.9,0.139,0.632,0.125,2.3,0.616,6.887000169547144,-2.517000169547144,2.517000169547144
Danuel House,2021-22,TOT,2490922.0,2.22,bench,1,29.0,42,17.3,0.073,0.555,0.146,1.9,0.404,4.728627867156523,-2.5086278671565228,2.5086278671565228
Jeremy Lamb,2019-20,IND,10500000.0,9.62,starter,0,28.0,46,28.1,0.095,0.547,0.195,4.7,0.451,12.123181781243611,-2.5031817812436117,2.5031817812436117
Josh Giddey,2025-26,CHI,25000000.0,16.17,star,0,23.0,54,32.1,0.142,0.562,0.238,5.9,0.448,13.670010085308062,2.4999899146919393,2.4999899146919393
Aaron Gordon,2024-25,DEN,22841455.0,16.25,star,0,29.0,51,28.4,0.104,0.65,0.186,5.2,0.531,13.753111106439931,2.496888893560069,2.496888893560069
Aaron Gordon,2021-22,DEN,16409091.0,14.6,starter,0,26.0,75,31.7,0.096,0.602,0.194,5.8,0.52,12.10380106243102,2.4961989375689804,2.4961989375689804
Dorian Finney-Smith,2018-19,DAL,1544951.0,1.52,bench,1,26.0,81,24.5,0.069,0.53,0.135,2.8,0.432,4.016124011944009,-2.496124011944009,2.496124011944009
Thomas Bryant,2025-26,CLE,2296274.0,1.48,bench,0,28.0,60,12.2,0.115,0.625,0.182,2.3,0.506,3.974121967325542,-2.494121967325542,2.494121967325542
Alex Caruso,2022-23,CHI,9030000.0,7.3,bench,0,29.0,67,23.5,0.071,0.588,0.109,1.9,0.455,4.807853726938042,2.492146273061958,2.492146273061958
Bam Adebayo,2017-18,MIA,2490360.0,2.51,bench,0,20.0,69,19.8,0.111,0.57,0.157,2.5,0.512,0.018404095539953296,2.4915959044600466,2.4915959044600466
Richaun Holmes,2017-18,PHI,1471382.0,1.49,bench,0,24.0,48,15.5,0.115,0.585,0.159,2.8,0.56,3.980875544903021,-2.4908755449030213,2.4908755449030213
Jaden Hardy,2023-24,DAL,1719864.0,1.26,bench,0,21.0,73,13.6,0.081,0.517,0.238,2.7,0.407,-1.2287375715718627,2.4887375715718627,2.4887375715718627
Paul Millsap,2016-17,ATL,20072033.0,21.32,star,1,32.0,69,34.0,0.126,0.542,0.241,6.2,0.442,18.832700491466355,2.4872995085336456,2.4872995085336456
Stanley Johnson,2020-21,TOR,3804150.0,3.49,bench,0,25.0,61,16.5,0.056,0.519,0.13,1.5,0.382,1.0032526240849189,2.4867473759150815,2.4867473759150815
Goga Bitadze,2021-22,IND,3098400.0,2.76,bench,1,22.0,50,14.6,0.088,0.595,0.191,2.6,0.52,0.2845602968608822,2.4754397031391178,2.4754397031391178
Aaron Holiday,2019-20,IND,2239200.0,2.05,bench,0,23.0,66,24.5,0.078,0.521,0.182,3.5,0.414,4.522886463866187,-2.472886463866187,2.472886463866187
Collin Sexton,2023-24,UTA,17325000.0,12.74,starter,0,25.0,78,26.6,0.12,0.607,0.267,6.5,0.487,10.26940991471073,2.4705900852892704,2.4705900852892704
DaQuan Jeffries,2024-25,CHO,2425404.0,1.73,bench,0,27.0,47,22.8,0.046,0.518,0.136,2.5,0.405,4.1993717294489805,-2.4693717294489805,2.4693717294489805
Terence Davis,2021-22,SAC,4000000.0,3.56,bench,0,25.0,30,17.9,0.091,0.543,0.244,3.8,0.423,6.027727153983823,-2.4677271539838226,2.4677271539838226
Wendell Carter Jr.,2025-26,ORL,10850000.0,7.02,bench,0,27.0,78,29.3,0.096,0.617,0.156,4.2,0.512,9.486921954562083,-2.4669219545620837,2.4669219545620837
Amir Coffey,2022-23,LAC,3395062.0,2.75,bench,0,26.0,50,12.5,0.042,0.498,0.128,1.1,0.386,0.28523714916228954,2.4647628508377104,2.4647628508377104
Isaiah Jackson,2022-23,IND,2573760.0,2.08,bench,0,21.0,63,16.5,0.093,0.595,0.165,2.8,0.563,-0.3846730641860315,2.4646730641860315,2.4646730641860315
Willy Hernangomez,2016-17,NYK,1375000.0,1.46,bench,0,23.0,72,18.4,0.133,0.564,0.199,3.4,0.529,3.9189692740104234,-2.4589692740104234,2.4589692740104234
Alex Caruso,2024-25,OKC,9890000.0,7.03,bench,1,31.0,54,19.3,0.101,0.568,0.147,2.6,0.446,9.48787507594998,-2.4578750759499792,2.4578750759499792
Jae Crowder,2020-21,PHO,9258000.0,8.48,starter,0,30.0,60,27.5,0.081,0.574,0.152,3.3,0.404,10.936666863111292,-2.456666863111291,2.456666863111291
Alex Caruso,2020-21,LAL,2750000.0,2.52,bench,1,27.0,58,21.0,0.084,0.547,0.144,2.3,0.436,4.975893415750626,-2.455893415750626,2.455893415750626
Semi Ojeleye,2017-18,BOS,1291892.0,1.3,bench,0,23.0,73,15.8,0.032,0.473,0.088,0.9,0.346,-1.1557787851102028,2.455778785110203,2.455778785110203
Joel Embiid,2023-24,PHI,47607350.0,35.0,max,0,30.0,39,33.6,0.225,0.644,0.387,11.5,0.529,32.54708366454488,2.4529163354551216,2.4529163354551216
Robert Covington,2022-23,LAC,12307692.0,9.95,starter,0,32.0,48,16.2,0.097,0.584,0.149,2.1,0.445,7.497571827569344,2.452428172430655,2.452428172430655
Tyler Herro,2023-24,MIA,27000000.0,19.85,star,0,24.0,42,33.5,0.119,0.558,0.268,7.7,0.441,17.39762611663705,2.4523738833629523,2.4523738833629523
Fred VanVleet,2017-18,TOR,1312611.0,1.33,bench,1,24.0,76,20.0,0.111,0.556,0.188,3.1,0.426,3.776062791323591,-2.446062791323591,2.446062791323591
Isaiah Roby,2020-21,OKC,1517981.0,1.39,bench,0,23.0,61,23.4,0.084,0.555,0.171,3.4,0.483,3.835124392945042,-2.4451243929450417,2.4451243929450417
Jakob Poeltl,2024-25,TOR,19500000.0,13.87,starter,0,29.0,57,29.6,0.133,0.641,0.184,6.4,0.627,16.31286888786956,-2.44286888786956,2.44286888786956
Marco Belinelli,2019-20,SAS,5846154.0,5.36,bench,0,34.0,57,15.5,0.071,0.532,0.166,2.2,0.392,7.801729963501444,-2.4417299635014436,2.4417299635014436
Damyean Dotson,2020-21,CLE,2000000.0,1.83,bench,0,27.0,46,19.7,0.069,0.499,0.162,2.6,0.406,4.265829087041432,-2.435829087041432,2.435829087041432
Kris Murray,2024-25,POR,2990040.0,2.13,bench,0,24.0,69,15.1,0.061,0.472,0.133,1.7,0.419,-0.30543308688055065,2.4354330868805505,2.4354330868805505
Mason Plumlee,2021-22,CHO,8137500.0,7.24,bench,0,32.0,73,24.6,0.093,0.603,0.117,2.8,0.641,9.672065032443916,-2.4320650324439157,2.4320650324439157
Isaiah Joe,2025-26,OKC,12362338.0,7.99,bench,0,26.0,71,21.2,0.099,0.657,0.178,3.5,0.455,5.563291202941478,2.426708797058522,2.426708797058522
Kenrich Williams,2019-20,NOP,1416852.0,1.3,bench,1,25.0,39,21.3,0.052,0.429,0.087,1.3,0.347,3.7252513291684752,-2.425251329168475,2.425251329168475
Seth Curry,2019-20,DAL,7461380.0,6.84,bench,0,29.0,64,24.6,0.093,0.643,0.176,4.4,0.495,9.25947059262591,-2.4194705926259097,2.4194705926259097
Jaden McDaniels,2020-21,MIN,1964760.0,1.8,bench,0,20.0,63,24.0,0.05,0.552,0.118,2.6,0.447,-0.6186039748900451,2.418603974890045,2.418603974890045
Cam Thomas,2021-22,BRK,2036280.0,1.81,bench,0,20.0,67,17.6,0.089,0.519,0.212,3.3,0.433,-0.6082038490858667,2.4182038490858666,2.4182038490858666
Monta Ellis,2016-17,IND,10770000.0,11.44,starter,0,31.0,74,27.0,0.069,0.514,0.166,3.3,0.443,9.02306234592948,2.4169376540705194,2.4169376540705194
Ben McLemore,2016-17,SAC,4008882.0,4.26,bench,1,24.0,61,19.3,0.06,0.538,0.197,3.0,0.43,1.8431503765622221,2.416849623437778,2.416849623437778
Isaiah Stewart,2023-24,DET,5266713.0,3.87,bench,1,23.0,46,30.9,0.081,0.6,0.143,4.0,0.487,6.283964094278272,-2.4139640942782723,2.4139640942782723
Théo Maledon,2021-22,OKC,2000000.0,1.78,bench,0,21.0,51,17.8,0.075,0.5,0.201,2.3,0.375,-0.6315854130874908,2.411585413087491,2.411585413087491
Kelly Oubre,2016-17,WAS,2006640.0,2.13,bench,0,21.0,79,20.3,0.055,0.516,0.143,2.4,0.421,-0.28132905895205673,2.411329058952057,2.411329058952057
Corey Brewer,2017-18,TOT,7220195.0,7.29,bench,0,32.0,72,16.8,0.059,0.534,0.136,2.0,0.449,4.882260328607896,2.407739671392104,2.407739671392104
Danny Green,2019-20,LAL,14634146.0,13.41,starter,0,33.0,68,24.8,0.065,0.552,0.135,2.9,0.416,11.003664529030848,2.406335470969152,2.406335470969152
Paul George,2017-18,OKC,19508958.0,19.7,star,1,28.0,79,36.6,0.12,0.57,0.248,7.3,0.43,17.295826150119815,2.404173849880184,2.404173849880184
Onyeka Okongwu,2025-26,ATL,15000000.0,9.7,starter,0,25.0,74,31.0,0.104,0.592,0.189,5.6,0.48,12.102295400771823,-2.4022954007718234,2.4022954007718234
Mike Conley,2023-24,MIN,24360000.0,17.91,star,0,36.0,76,28.9,0.115,0.627,0.157,3.9,0.457,15.50972408823402,2.4002759117659807,2.4002759117659807
Obi Toppin,2021-22,NYK,5105160.0,4.54,bench,0,24.0,72,17.1,0.129,0.614,0.205,3.5,0.531,2.1405428575204724,2.3994571424795277,2.3994571424795277
Jaylen Brown,2017-18,BOS,4956480.0,5.01,bench,0,21.0,70,30.7,0.089,0.562,0.208,5.3,0.465,7.407777593730671,-2.3977775937306713,2.3977775937306713
Marco Belinelli,2017-18,TOT,7082277.0,7.15,bench,0,32.0,80,24.3,0.093,0.581,0.197,4.2,0.441,9.546901749080597,-2.3969017490805964,2.3969017490805964
Tim Frazier,2016-17,NOP,2090000.0,2.22,bench,0,26.0,65,23.5,0.084,0.504,0.161,2.5,0.403,4.6164047386165326,-2.3964047386165324,2.3964047386165324
Blake Wesley,2022-23,SAS,2385480.0,1.93,bench,0,20.0,37,18.1,0.031,0.393,0.18,1.9,0.321,-0.4641876293387433,2.3941876293387434,2.3941876293387434
Tre Jones,2023-24,SAS,9895833.0,7.28,bench,0,24.0,77,27.8,0.109,0.591,0.149,3.9,0.505,4.88609841256269,2.39390158743731,2.39390158743731
Montrezl Harrell,2016-17,HOU,1045000.0,1.11,bench,1,23.0,58,18.3,0.108,0.662,0.17,3.9,0.652,3.501891884666133,-2.3918918846661326,2.3918918846661326
Precious Achiuwa,2021-22,TOR,2711280.0,2.41,bench,0,22.0,73,23.6,0.089,0.503,0.18,3.6,0.439,4.801464604842139,-2.391464604842139,2.391464604842139
Xavier Tillman,2022-23,MEM,1782621.0,1.44,bench,0,24.0,61,19.3,0.105,0.621,0.136,3.1,0.614,3.82942154520136,-2.38942154520136,2.38942154520136
Yogi Ferrell,2019-20,SAC,3150000.0,2.89,bench,0,27.0,50,10.6,0.091,0.528,0.185,1.6,0.42,0.5022460221926801,2.38775397780732,2.38775397780732
Jevon Carter,2021-22,TOT,4107149.0,3.65,bench,1,26.0,66,13.7,0.067,0.531,0.135,1.5,0.387,1.2627190294758737,2.3872809705241265,2.3872809705241265
Nassir Little,2022-23,POR,4171548.0,3.37,bench,1,23.0,54,18.1,0.068,0.555,0.158,2.5,0.442,0.9847556800772328,2.3852443199227675,2.3852443199227675
MarJon Beauchamp,2022-23,MIL,2485200.0,2.01,bench,0,22.0,52,13.5,0.051,0.513,0.175,1.8,0.395,-0.36688592307663886,2.376885923076639,2.376885923076639
Robert Williams,2025-26,POR,13285713.0,8.59,starter,0,28.0,59,17.1,0.163,0.722,0.129,3.0,0.708,6.213279876703846,2.3767201232961535,2.3767201232961535
Landry Shamet,2019-20,LAC,1995120.0,1.83,bench,0,23.0,53,27.4,0.048,0.58,0.132,3.0,0.404,4.200362804924143,-2.3703628049241425,2.3703628049241425
Dean Wade,2025-26,CLE,6623456.0,4.28,bench,0,29.0,59,22.3,0.074,0.58,0.097,2.1,0.439,6.649822808894803,-2.369822808894803,2.369822808894803
Pau Gasol,2016-17,SAS,15500000.0,16.46,star,0,36.0,64,25.4,0.143,0.578,0.213,4.7,0.502,18.827067553885453,-2.3670675538854518,2.3670675538854518
Herbert Jones,2023-24,NOP,12015150.0,8.83,starter,0,25.0,76,30.5,0.076,0.636,0.141,3.9,0.498,6.465661060948428,2.3643389390515717,2.3643389390515717
Cheick Diallo,2017-18,NOP,1312611.0,1.33,bench,0,21.0,52,11.2,0.118,0.619,0.168,2.0,0.58,-1.0341197900429897,2.3641197900429898,2.3641197900429898
Georges Niang,2023-24,CLE,8800000.0,6.47,bench,0,31.0,82,22.3,0.069,0.583,0.173,3.5,0.449,8.83386755106667,-2.3638675510666696,2.3638675510666696
Salah Mejri,2017-18,DAL,1471382.0,1.49,bench,1,32.0,61,11.9,0.103,0.644,0.126,1.4,0.642,3.847720926299139,-2.357720926299139,2.357720926299139
Terrence Ross,2017-18,ORL,10500000.0,10.6,starter,0,27.0,24,25.0,0.061,0.505,0.166,3.2,0.398,8.243138141197223,2.3568618588027768,2.3568618588027768
DeMarre Carroll,2017-18,BRK,14800000.0,14.94,starter,0,31.0,73,29.9,0.101,0.55,0.194,4.5,0.414,12.58368135887693,2.356318641123069,2.356318641123069
LaMarcus Aldridge,2016-17,SAS,20575005.0,21.86,star,0,31.0,72,32.4,0.122,0.532,0.248,6.9,0.477,19.510398129418565,2.3496018705814343,2.3496018705814343
Troy Daniels,2017-18,PHO,3408520.0,3.44,bench,0,26.0,79,20.5,0.058,0.583,0.168,2.9,0.403,1.0967287738006497,2.3432712261993505,2.3432712261993505
Malaki Branham,2023-24,SAS,3071880.0,2.26,bench,0,21.0,75,21.3,0.062,0.526,0.192,3.6,0.432,-0.08200073941342863,2.3420007394134283,2.3420007394134283
P.J. Washington,2019-20,CHO,3831840.0,3.51,bench,0,21.0,58,30.3,0.083,0.547,0.184,4.6,0.455,5.850517341272393,-2.3405173412723936,2.3405173412723936
Isaiah Stewart,2020-21,DET,3121080.0,2.86,bench,0,20.0,68,21.4,0.108,0.597,0.15,3.3,0.553,0.5215704188612217,2.338429581138778,2.338429581138778
Josh Jackson,2020-21,DET,4767000.0,4.37,bench,0,24.0,62,25.2,0.08,0.516,0.254,4.8,0.419,6.7075518027298955,-2.3375518027298954,2.3375518027298954
Rui Hachimura,2021-22,WAS,4916160.0,4.37,bench,1,24.0,42,22.5,0.099,0.579,0.205,4.5,0.491,6.705179050331325,-2.335179050331325,2.335179050331325
Brook Lopez,2023-24,MIL,25000000.0,18.38,star,0,36.0,79,30.5,0.083,0.608,0.156,4.6,0.485,16.045427196272406,2.3345728037275926,2.3345728037275926
Aaron Nesmith,2025-26,IND,11000000.0,7.11,bench,0,26.0,45,29.7,0.067,0.554,0.19,4.7,0.414,9.442229642781719,-2.3322296427817184,2.3322296427817184
Harrison Barnes,2024-25,SAS,18000000.0,12.8,starter,0,33.0,82,27.2,0.092,0.656,0.157,4.2,0.508,10.46931008114138,2.3306899188586208,2.3306899188586208
Nickeil Alexander-Walker,2020-21,NOP,3113160.0,2.85,bench,0,22.0,46,21.9,0.088,0.522,0.228,4.2,0.419,5.174861659085214,-2.324861659085214,2.324861659085214
Coby White,2022-23,CHI,7413955.0,6.0,bench,1,23.0,74,23.4,0.088,0.572,0.17,3.6,0.443,3.6765446291511434,2.3234553708488566,2.3234553708488566
Ian Clark,2017-18,NOP,1471382.0,1.49,bench,0,27.0,74,19.7,0.062,0.529,0.168,3.0,0.448,3.811035708907698,-2.321035708907698,2.321035708907698
Alex Caruso,2025-26,OKC,18102000.0,11.71,starter,0,32.0,56,18.2,0.093,0.54,0.152,2.3,0.423,9.391206329956097,2.3187936700439042,2.3187936700439042
Larry Nance Jr.,2016-17,LAL,1207680.0,1.28,bench,1,24.0,63,22.9,0.101,0.567,0.133,3.0,0.526,3.598703978249591,-2.318703978249591,2.318703978249591
MarJon Beauchamp,2023-24,MIL,2609400.0,1.92,bench,0,23.0,48,12.7,0.064,0.592,0.141,1.7,0.488,-0.39809079383806534,2.3180907938380653,2.3180907938380653
Nickeil Alexander-Walker,2024-25,MIN,4312500.0,3.07,bench,1,26.0,82,25.3,0.081,0.579,0.155,3.3,0.438,5.386576688310134,-2.316576688310134,2.316576688310134
Jericho Sims,2023-24,NYK,1927896.0,1.42,bench,0,25.0,45,13.0,0.074,0.702,0.06,0.8,0.691,-0.8948582746258603,2.3148582746258604,2.3148582746258604
Mitchell Robinson,2018-19,NYK,1485440.0,1.46,bench,0,21.0,66,20.6,0.115,0.692,0.119,3.1,0.694,-0.8541896157036813,2.314189615703681,2.314189615703681
Nic Claxton,2020-21,BRK,1517981.0,1.39,bench,0,22.0,32,18.6,0.109,0.612,0.136,2.8,0.621,3.702863462593321,-2.312863462593321,2.312863462593321
Anthony Davis,2016-17,NOP,22116750.0,23.49,star,0,24.0,75,36.1,0.192,0.58,0.321,10.3,0.505,21.177170915272825,2.3128290847271735,2.3128290847271735
Aaron Holiday,2018-19,IND,1911960.0,1.88,bench,0,22.0,50,12.9,0.078,0.518,0.206,2.1,0.401,-0.4298114574933441,2.309811457493344,2.309811457493344
Ed Davis,2016-17,POR,6666667.0,7.08,bench,0,28.0,46,17.2,0.061,0.563,0.118,1.6,0.528,4.77196785224699,2.3080321477530097,2.3080321477530097
Justin Champagnie,2024-25,WAS,1800000.0,1.28,bench,1,24.0,62,21.6,0.101,0.614,0.15,3.4,0.511,3.5879912536707868,-2.307991253670787,2.307991253670787
Alperen Şengün,2021-22,HOU,3214680.0,2.86,bench,0,19.0,72,20.7,0.099,0.552,0.214,3.5,0.474,0.5537956574062819,2.306204342593718,2.306204342593718
Jaylen Brown,2023-24,BOS,31830357.0,23.4,star,1,27.0,70,33.5,0.116,0.58,0.283,9.0,0.499,21.095539167389937,2.3044608326100615,2.3044608326100615
Kevin Huerter,2022-23,SAC,14508929.0,11.73,starter,0,24.0,75,29.4,0.091,0.617,0.197,5.6,0.485,9.425555250821798,2.3044447491782023,2.3044447491782023
Andre Iguodala,2020-21,MIA,15000000.0,13.74,starter,0,37.0,63,21.3,0.072,0.519,0.109,1.5,0.383,11.43703128584465,2.30296871415535,2.30296871415535
VJ Edgecombe,2025-26,PHI,11108880.0,7.18,bench,0,20.0,75,35.0,0.092,0.54,0.196,6.0,0.438,9.48244598125733,-2.30244598125733,2.30244598125733
Malik Monk,2024-25,SAC,17405203.0,12.38,starter,0,27.0,65,31.6,0.099,0.549,0.236,6.3,0.439,14.677392250019079,-2.2973922500190778,2.2973922500190778
Chris Boucher,2022-23,TOR,12690000.0,10.26,starter,0,30.0,76,20.0,0.112,0.59,0.175,3.4,0.493,7.963324698813361,2.2966753011866388,2.2966753011866388
Oshae Brissett,2021-22,IND,1701593.0,1.51,bench,0,24.0,67,23.3,0.079,0.53,0.166,3.1,0.411,3.804654816872873,-2.294654816872873,2.294654816872873
Julius Randle,2022-23,NYK,23760000.0,19.21,star,0,28.0,77,35.5,0.148,0.581,0.288,8.5,0.459,21.501183527015197,-2.291183527015196,2.291183527015196
Thabo Sefolosha,2018-19,UTA,5250000.0,5.15,bench,0,35.0,50,12.2,0.098,0.599,0.129,1.4,0.477,7.435416872702635,-2.2854168727026343,2.2854168727026343
Treveon Graham,2017-18,CHO,1312611.0,1.33,bench,0,24.0,63,16.7,0.047,0.553,0.112,1.5,0.434,-0.9532643052247237,2.2832643052247237,2.2832643052247237
Aaron Nesmith,2023-24,IND,5634257.0,4.14,bench,1,24.0,72,27.7,0.071,0.631,0.158,4.4,0.496,6.419514905531261,-2.2795149055312613,2.2795149055312613
Tristan Thompson,2020-21,BOS,9258000.0,8.48,starter,0,30.0,54,23.8,0.093,0.54,0.144,3.1,0.518,10.75889889827012,-2.2788988982701195,2.2788988982701195
Robin Lopez,2019-20,MIL,4767000.0,4.37,bench,1,32.0,66,14.5,0.06,0.554,0.161,2.2,0.492,6.642991364658332,-2.272991364658332,2.272991364658332
Brook Lopez,2019-20,MIL,12093024.0,11.08,starter,0,32.0,68,26.7,0.088,0.551,0.181,4.3,0.435,13.349935533953476,-2.2699355339534755,2.2699355339534755
Chimezie Metu,2023-24,TOT,2351562.0,1.73,bench,0,27.0,51,16.8,0.1,0.61,0.162,2.4,0.504,3.997902331293808,-2.267902331293808,2.267902331293808
Jarred Vanderbilt,2020-21,MIN,1663861.0,1.52,bench,1,22.0,64,17.8,0.107,0.612,0.118,2.2,0.606,-0.7472760446435212,2.267276044643521,2.267276044643521
Cory Joseph,2017-18,IND,7630000.0,7.7,bench,0,26.0,82,27.0,0.078,0.503,0.143,3.1,0.424,5.4332403420460444,2.2667596579539557,2.2667596579539557
Timothé Luwawu-Cabarrot,2020-21,BRK,1824003.0,1.67,bench,0,26.0,58,18.1,0.047,0.493,0.165,2.2,0.365,3.932448718201369,-2.262448718201369,2.262448718201369
Tristan Thompson,2019-20,CLE,18539130.0,16.99,star,0,29.0,57,30.2,0.108,0.54,0.181,5.1,0.512,14.729250340035529,2.2607496599644694,2.2607496599644694
Tyrese Maxey,2020-21,PHI,2478840.0,2.27,bench,0,20.0,61,15.3,0.106,0.531,0.222,3.2,0.462,0.013401888480982957,2.256598111519017,2.256598111519017
Brandin Podziemski,2023-24,GSW,3352440.0,2.46,bench,0,21.0,74,26.6,0.094,0.54,0.149,3.7,0.454,4.713662291057969,-2.253662291057969,2.253662291057969
Luke Kornet,2023-24,BOS,2413304.0,1.77,bench,0,28.0,63,15.6,0.113,0.736,0.107,2.3,0.7,4.02115372890299,-2.2511537289029904,2.2511537289029904
Jeremy Lamb,2016-17,CHO,6511628.0,6.92,bench,0,25.0,62,18.4,0.124,0.55,0.228,3.6,0.46,4.669668554958697,2.2503314450413026,2.2503314450413026
Draymond Green,2025-26,GSW,25892857.0,16.74,star,0,36.0,68,27.5,0.084,0.54,0.158,3.0,0.418,14.496568730156941,2.2434312698430574,2.2434312698430574
Patrick Williams,2023-24,CHI,9835881.0,7.23,bench,1,22.0,43,27.3,0.066,0.553,0.163,3.7,0.443,4.990697897649947,2.2393021023500532,2.2393021023500532
Jrue Holiday,2016-17,NOP,11286518.0,11.99,starter,1,27.0,67,32.7,0.121,0.532,0.232,6.0,0.454,14.227324514386986,-2.2373245143869855,2.2373245143869855
Jarrett Allen,2024-25,CLE,20000000.0,14.23,starter,0,27.0,82,28.0,0.148,0.724,0.156,5.5,0.706,11.994127576417899,2.2358724235821015,2.2358724235821015
Lucas Nogueira,2016-17,TOR,1921320.0,2.04,bench,1,24.0,57,19.1,0.085,0.682,0.093,1.8,0.66,-0.19513941901739884,2.2351394190173988,2.2351394190173988
Giannis Antetokounmpo,2017-18,MIL,22471910.0,22.69,star,0,23.0,75,36.7,0.186,0.598,0.307,9.9,0.529,20.4556305414984,2.2343694585016003,2.2343694585016003
Andre Jackson,2024-25,MIL,1891857.0,1.35,bench,0,23.0,67,14.6,0.051,0.554,0.115,1.4,0.477,-0.8835878517813605,2.2335878517813605,2.2335878517813605
Daniel Theis,2023-24,TOT,8670002.0,6.37,bench,0,32.0,60,16.9,0.084,0.597,0.15,2.6,0.532,8.603389163181458,-2.2333891631814575,2.2333891631814575
Trevor Booker,2017-18,TOT,9057516.0,9.15,starter,0,30.0,68,17.0,0.1,0.557,0.159,2.6,0.516,6.918299064113385,2.2317009358866153,2.2317009358866153
Jayson Tatum,2023-24,BOS,32600060.0,23.97,star,0,26.0,74,35.7,0.155,0.604,0.296,9.1,0.471,21.74258357457917,2.2274164254208273,2.2274164254208273
Juancho Hernangómez,2020-21,MIN,5718000.0,5.24,bench,0,25.0,52,17.3,0.085,0.549,0.167,2.5,0.435,3.0145894371446667,2.2254105628553336,2.2254105628553336
Marc Gasol,2016-17,MEM,21165675.0,22.48,star,0,32.0,74,34.2,0.151,0.554,0.262,7.2,0.459,20.263906766771886,2.216093233228115,2.216093233228115
CJ McCollum,2024-25,NOP,33333333.0,23.71,star,0,33.0,56,32.7,0.097,0.55,0.266,7.9,0.444,21.496165540938776,2.213834459061225,2.213834459061225
Caris LeVert,2023-24,CLE,15384616.0,11.31,starter,0,29.0,68,28.8,0.107,0.524,0.224,5.1,0.421,13.522146249368738,-2.212146249368738,2.212146249368738
Sean Kilpatrick,2017-18,TOT,4643294.0,4.69,bench,0,28.0,52,12.3,0.086,0.507,0.242,2.1,0.374,2.485316580181999,2.2046834198180014,2.2046834198180014
Nikola Vucevic,2016-17,ORL,11750000.0,12.48,starter,0,26.0,75,28.8,0.142,0.498,0.241,6.4,0.468,14.683382052526268,-2.2033820525262673,2.2033820525262673
Corey Kispert,2023-24,WAS,3722040.0,2.74,bench,1,25.0,80,25.8,0.084,0.62,0.191,4.8,0.486,4.941341760264877,-2.201341760264877,2.201341760264877
Dru Smith,2025-26,MIA,2378870.0,1.54,bench,0,28.0,70,16.3,0.091,0.532,0.142,1.9,0.415,3.7400113313571164,-2.2000113313571164,2.2000113313571164
Justin Holiday,2016-17,NYK,1015696.0,1.08,bench,1,28.0,82,20.0,0.092,0.549,0.166,2.8,0.433,3.273706843520123,-2.193706843520123,2.193706843520123
Tony Bradley,2021-22,CHI,1789256.0,1.59,bench,0,24.0,55,10.0,0.096,0.6,0.128,1.3,0.585,-0.6031471545972222,2.1931471545972223,2.1931471545972223
John Konchar,2022-23,MEM,2300000.0,1.86,bench,0,27.0,72,20.7,0.079,0.542,0.1,1.9,0.431,4.0498363525447205,-2.18983635254472,2.18983635254472
Duncan Robinson,2023-24,MIA,18154000.0,13.35,starter,0,30.0,68,28.0,0.082,0.612,0.184,4.5,0.45,11.160682469640257,2.1893175303597427,2.1893175303597427
Hamidou Diallo,2022-23,DET,5200000.0,4.21,bench,0,24.0,56,17.8,0.1,0.593,0.21,3.8,0.573,2.027491103620612,2.182508896379388,2.182508896379388
Kon Knueppel,2025-26,CHO,10015680.0,6.48,bench,0,20.0,81,31.5,0.115,0.633,0.216,6.4,0.475,8.661106159957068,-2.181106159957068,2.181106159957068
Wayne Ellington,2017-18,MIA,6270000.0,6.33,bench,1,30.0,77,26.5,0.085,0.588,0.167,3.7,0.407,8.510174536864831,-2.180174536864831,2.180174536864831
Moses Moody,2023-24,GSW,3918480.0,2.88,bench,1,22.0,66,17.5,0.087,0.578,0.176,2.9,0.462,0.7006454728446513,2.1793545271553487,2.1793545271553487
Josh Jackson,2018-19,PHO,6041520.0,5.93,bench,0,22.0,79,25.2,0.073,0.487,0.234,4.4,0.413,3.7527703607512546,2.177229639248745,2.177229639248745
Donovan Mitchell,2023-24,CLE,33162030.0,24.38,star,0,27.0,55,35.3,0.15,0.595,0.301,9.1,0.462,22.204915945979778,2.175084054020221,2.175084054020221
Mikal Bridges,2025-26,NYK,24900000.0,16.1,star,0,29.0,82,32.8,0.099,0.587,0.17,5.8,0.49,13.928399042057713,2.171600957942289,2.171600957942289
Mike Muscala,2021-22,OKC,3500000.0,3.11,bench,0,30.0,43,13.8,0.131,0.63,0.198,2.6,0.456,5.280387548008213,-2.1703875480082133,2.1703875480082133
Isaiah Jackson,2023-24,IND,2696280.0,1.98,bench,1,22.0,60,12.8,0.122,0.689,0.165,2.6,0.665,-0.18230124006976728,2.1623012400697674,2.1623012400697674
Jalen Suggs,2022-23,ORL,6922320.0,5.6,bench,0,22.0,53,23.5,0.077,0.528,0.196,3.5,0.419,3.438862086191301,2.1611379138086986,2.1611379138086986
Daniss Jenkins,2025-26,DET,3809524.0,2.46,bench,0,24.0,72,20.2,0.1,0.525,0.209,3.2,0.408,4.62106811611068,-2.1610681161106804,2.1610681161106804
Josh Hart,2023-24,NYK,12960000.0,9.53,starter,1,29.0,81,33.4,0.1,0.522,0.133,3.6,0.434,11.68896513770815,-2.158965137708151,2.158965137708151
Zach Collins,2022-23,SAS,7350000.0,5.94,bench,0,25.0,63,22.9,0.11,0.599,0.209,4.5,0.518,8.098381118859306,-2.158381118859306,2.158381118859306
Markelle Fultz,2019-20,ORL,9745200.0,8.93,starter,1,22.0,72,27.7,0.095,0.517,0.21,5.0,0.465,6.773904551027434,2.1560954489725654,2.1560954489725654
R.J. Hampton,2021-22,ORL,2303040.0,2.05,bench,1,21.0,64,21.9,0.065,0.481,0.18,2.7,0.383,-0.10286484297195315,2.152864842971953,2.152864842971953
Terrance Ferguson,2018-19,OKC,2118840.0,2.08,bench,0,21.0,74,26.1,0.027,0.566,0.104,2.5,0.429,-0.07079417954145241,2.1507941795414527,2.1507941795414527
Omri Casspi,2016-17,TOT,3138414.0,3.33,bench,0,29.0,36,17.8,0.069,0.526,0.138,2.1,0.47,5.479837379619872,-2.149837379619872,2.149837379619872
Rayan Rupert,2025-26,TOT,2353647.0,1.52,bench,0,22.0,64,16.8,0.055,0.493,0.148,1.9,0.393,-0.6274703819009371,2.147470381900937,2.147470381900937
Darius Bazley,2021-22,OKC,2513040.0,2.24,bench,1,22.0,69,27.9,0.093,0.515,0.18,4.0,0.422,4.386679531556507,-2.146679531556507,2.146679531556507
Collin Sexton,2018-19,CLE,4068600.0,3.99,bench,0,20.0,82,31.8,0.073,0.52,0.247,6.3,0.43,6.130450146113066,-2.140450146113066,2.140450146113066
Wendell Carter,2019-20,CHI,5201400.0,4.77,bench,0,21.0,43,29.2,0.103,0.59,0.162,4.3,0.534,6.910148847564508,-2.1401488475645083,2.1401488475645083
Al-Farouq Aminu,2018-19,POR,6957105.0,6.83,bench,1,28.0,81,28.3,0.097,0.568,0.134,3.2,0.433,8.966910247567823,-2.1369102475678226,2.1369102475678226
Adem Bona,2025-26,PHI,1955377.0,1.26,bench,0,23.0,71,17.4,0.069,0.638,0.108,1.8,0.595,-0.8706684316010801,2.13066843160108,2.13066843160108
Corey Kispert,2021-22,WAS,3383640.0,3.01,bench,0,23.0,77,23.4,0.067,0.586,0.142,3.0,0.455,0.8797844682678254,2.1302155317321745,2.1302155317321745
Brook Lopez,2020-21,MIL,12697675.0,11.63,starter,0,33.0,70,27.2,0.085,0.611,0.166,4.6,0.503,13.759200607130474,-2.129200607130473,2.129200607130473
Juan Toscano-Anderson,2021-22,GSW,1701593.0,1.51,bench,0,29.0,73,13.6,0.08,0.561,0.144,1.6,0.489,3.638487829348836,-2.1284878293488356,2.1284878293488356
Ish Smith,2016-17,DET,6000000.0,6.37,bench,0,28.0,81,24.1,0.107,0.477,0.201,4.1,0.439,8.496829479318691,-2.1268294793186913,2.1268294793186913
Marcus Morris,2021-22,LAC,15627907.0,13.9,starter,0,32.0,54,29.0,0.095,0.549,0.228,5.6,0.434,16.026453521226582,-2.1264535212265816,2.1264535212265816
Willie Reed,2016-17,MIA,1015696.0,1.08,bench,1,27.0,71,14.5,0.108,0.578,0.15,2.3,0.568,3.2062014965739363,-2.126201496573936,2.126201496573936
Gradey Dick,2024-25,TOR,4763760.0,3.39,bench,0,21.0,54,29.4,0.071,0.543,0.209,4.9,0.41,5.512768221382878,-2.1227682213828776,2.1227682213828776
Miles McBride,2024-25,NYK,4710144.0,3.35,bench,0,24.0,64,24.9,0.077,0.531,0.162,3.5,0.406,5.472756347325494,-2.122756347325494,2.122756347325494
Isaiah Taylor,2017-18,ATL,1312611.0,1.33,bench,0,23.0,67,17.4,0.069,0.492,0.195,2.4,0.418,-0.790736685730405,2.120736685730405,2.120736685730405
Malcolm Brogdon,2024-25,WAS,22500000.0,16.0,star,0,32.0,24,23.5,0.113,0.544,0.231,4.3,0.433,13.879692763751269,2.120307236248731,2.120307236248731
Jarrett Allen,2018-19,BRK,2034120.0,2.0,bench,0,21.0,80,26.2,0.121,0.632,0.158,4.2,0.59,4.120172388010788,-2.120172388010788,2.120172388010788
Raul Neto,2022-23,CLE,1836090.0,1.48,bench,0,31.0,48,10.5,0.087,0.628,0.133,1.2,0.518,3.5971535454613077,-2.1171535454613077,2.1171535454613077
Derrick Favors,2020-21,UTA,9258000.0,8.48,starter,0,29.0,68,15.3,0.111,0.663,0.125,2.3,0.638,6.36623616605241,2.1137638339475906,2.1137638339475906
Jayson Tatum,2018-19,BOS,6700800.0,6.58,bench,0,21.0,79,31.1,0.106,0.547,0.218,5.9,0.45,8.691622367068854,-2.111622367068854,2.111622367068854
Trendon Watford,2025-26,PHI,2461463.0,1.59,bench,0,25.0,53,16.3,0.093,0.573,0.17,2.6,0.515,3.699523186731187,-2.109523186731187,2.109523186731187
Monte Morris,2022-23,WAS,9125000.0,7.38,bench,0,28.0,62,27.4,0.102,0.579,0.155,4.0,0.48,9.489195599914913,-2.109195599914913,2.109195599914913
Ricky Council,2024-25,PHI,1891857.0,1.35,bench,0,23.0,73,17.1,0.08,0.502,0.196,2.4,0.382,-0.7586765233475479,2.108676523347548,2.108676523347548
Joe Harris,2020-21,BRK,16071429.0,14.73,starter,0,29.0,69,31.0,0.085,0.663,0.157,5.2,0.505,12.627427248608479,2.1025727513915218,2.1025727513915218
Ja Morant,2019-20,MEM,8730240.0,8.0,bench,0,20.0,67,31.0,0.13,0.556,0.256,6.7,0.477,10.10126662700972,-2.1012666270097196,2.1012666270097196
Michael Carter-Williams,2016-17,CHI,3183526.0,3.38,bench,0,25.0,45,18.8,0.07,0.437,0.203,2.5,0.366,5.481258465622727,-2.1012584656227267,2.1012584656227267
Markieff Morris,2017-18,WAS,8000000.0,8.08,starter,0,28.0,73,27.0,0.092,0.566,0.194,4.5,0.48,10.180926770473853,-2.100926770473853,2.100926770473853
Yogi Ferrell,2018-19,SAC,3000000.0,2.94,bench,0,26.0,71,15.0,0.092,0.55,0.16,2.2,0.435,0.8434643168997328,2.0965356831002673,2.0965356831002673
Rui Hachimura,2023-24,LAL,15740741.0,11.57,starter,0,26.0,68,26.8,0.095,0.628,0.182,5.3,0.537,9.477813898395263,2.092186101604737,2.092186101604737
Clint Capela,2025-26,HOU,6700000.0,4.33,bench,0,32.0,75,12.3,0.11,0.54,0.133,1.6,0.52,6.421950808364133,-2.0919508083641327,2.0919508083641327
Jared Dudley,2018-19,BRK,9530000.0,9.36,starter,0,33.0,59,20.7,0.049,0.554,0.104,1.7,0.423,7.270751784729037,2.0892482152709624,2.0892482152709624
Keldon Johnson,2025-26,SAS,17500000.0,11.32,starter,0,26.0,82,23.3,0.118,0.613,0.201,5.0,0.519,9.23077395930158,2.0892260406984207,2.0892260406984207
Keon Johnson,2024-25,BRK,2162606.0,1.54,bench,0,23.0,79,24.4,0.07,0.499,0.212,3.8,0.389,3.628283324291883,-2.088283324291883,2.088283324291883
Kelly Olynyk,2017-18,MIA,10607169.0,10.71,starter,0,27.0,76,23.4,0.122,0.612,0.213,4.2,0.497,8.62227186279263,2.087728137207371,2.087728137207371
Jaren Jackson,2018-19,MEM,5915040.0,5.81,bench,0,19.0,58,26.1,0.1,0.591,0.231,5.1,0.506,3.7251594761421694,2.0848405238578303,2.0848405238578303
Aaron Gordon,2025-26,DEN,22841455.0,14.77,starter,0,30.0,36,27.9,0.117,0.62,0.213,5.5,0.497,16.85482409284999,-2.084824092849992,2.084824092849992
GG Jackson II,2025-26,MEM,2221677.0,1.44,bench,0,21.0,55,21.4,0.108,0.591,0.23,4.6,0.496,3.5237795998228516,-2.0837795998228517,2.0837795998228517
DeMar DeRozan,2025-26,SAC,24570000.0,15.89,star,0,36.0,77,31.2,0.111,0.594,0.222,6.5,0.497,17.970941743255377,-2.0809417432553765,2.0809417432553765
James Wiseman,2020-21,GSW,8730240.0,8.0,bench,0,20.0,39,21.4,0.088,0.552,0.231,4.9,0.519,5.920448825194331,2.079551174805669,2.079551174805669
Tyrone Wallace,2018-19,LAC,1349383.0,1.32,bench,0,25.0,62,10.1,0.043,0.45,0.174,1.5,0.424,-0.756474515865573,2.076474515865573,2.076474515865573
Kelly Olynyk,2022-23,UTA,12804878.0,10.36,starter,0,32.0,68,28.6,0.1,0.643,0.176,4.1,0.499,12.43497114890128,-2.0749711489012803,2.0749711489012803
Thaddeus Young,2022-23,TOR,8000000.0,6.47,bench,0,35.0,54,14.7,0.084,0.573,0.131,2.0,0.545,8.540675604227536,-2.070675604227536,2.070675604227536
JaMychal Green,2017-18,MEM,8533333.0,8.62,starter,0,28.0,55,28.0,0.101,0.53,0.178,4.1,0.457,10.69056011648827,-2.07056011648827,2.07056011648827
P.J. Washington,2024-25,DAL,15500000.0,11.03,starter,0,26.0,57,32.2,0.097,0.556,0.198,5.3,0.453,13.09607408477772,-2.0660740847777213,2.0660740847777213
Marvin Bagley,2020-21,SAC,8963640.0,8.21,starter,1,22.0,43,25.9,0.099,0.554,0.229,5.7,0.504,10.274092997178922,-2.0640929971789213,2.0640929971789213
Tyler Ennis,2017-18,LAL,1524305.0,1.54,bench,0,23.0,54,12.7,0.081,0.473,0.169,1.7,0.42,-0.5189047129598361,2.058904712959836,2.058904712959836
Leandro Barbosa,2016-17,PHO,4000000.0,4.25,bench,0,34.0,67,14.4,0.083,0.509,0.201,2.6,0.439,6.3027200884983765,-2.0527200884983765,2.0527200884983765
Mario Hezonja,2017-18,ORL,4078320.0,4.12,bench,1,23.0,75,22.1,0.094,0.544,0.197,3.6,0.442,2.0725253517562314,2.0474746482437687,2.0474746482437687
Cory Joseph,2016-17,TOR,7330000.0,7.79,bench,0,25.0,80,25.0,0.089,0.518,0.179,3.7,0.452,5.744762446735858,2.0452375532641422,2.0452375532641422
Lonnie Walker,2020-21,SAS,2892000.0,2.65,bench,1,22.0,60,25.4,0.063,0.523,0.199,4.3,0.42,4.6950019238895075,-2.0450019238895076,2.0450019238895076
Dion Waiters,2017-18,MIA,11000000.0,11.11,starter,0,26.0,30,30.6,0.076,0.487,0.25,5.4,0.398,13.15228114670089,-2.0422811467008906,2.0422811467008906
Reggie Jackson,2017-18,DET,16000000.0,16.16,star,0,28.0,45,26.7,0.108,0.516,0.265,5.5,0.426,14.119293205697739,2.0407067943022614,2.0407067943022614
Josh Richardson,2018-19,MIA,9367200.0,9.2,starter,0,25.0,73,34.8,0.094,0.536,0.203,5.8,0.412,11.24024042441171,-2.04024042441171,2.04024042441171
Devonte' Graham,2021-22,NOP,11000000.0,9.79,starter,0,27.0,76,28.4,0.081,0.514,0.191,3.9,0.363,7.755220821564794,2.0347791784352047,2.0347791784352047
Anthony Davis,2018-19,NOP,25434262.0,24.97,star,0,26.0,56,33.0,0.197,0.597,0.288,9.5,0.517,22.93845901502395,2.0315409849760506,2.0315409849760506
Seth Curry,2022-23,BRK,8496653.0,6.87,bench,0,32.0,61,19.8,0.079,0.593,0.188,3.4,0.463,8.893065716637976,-2.0230657166379755,2.0230657166379755
Goran Dragic,2016-17,MIA,15890000.0,16.88,star,0,31.0,73,33.7,0.13,0.575,0.262,7.3,0.475,18.901841522790406,-2.0218415227904067,2.0218415227904067
Montrezl Harrell,2017-18,LAC,1471382.0,1.49,bench,1,24.0,76,17.0,0.144,0.647,0.227,4.6,0.635,3.5115547801146603,-2.02155478011466,2.02155478011466
Rui Hachimura,2025-26,LAL,18259259.0,11.81,starter,0,28.0,68,28.3,0.073,0.62,0.149,4.5,0.514,9.788840425613426,2.0211595743865747,2.0211595743865747
Tyler Johnson,2017-18,MIA,5881260.0,5.94,bench,1,26.0,72,28.5,0.087,0.549,0.18,4.3,0.435,7.957979168456513,-2.0179791684565123,2.0179791684565123
Peyton Watson,2023-24,DEN,2303520.0,1.69,bench,0,21.0,80,18.6,0.076,0.539,0.16,2.6,0.465,-0.32668804734098256,2.0166880473409825,2.0166880473409825
DeAndre Jordan,2019-20,BRK,9881598.0,9.05,starter,0,31.0,56,22.0,0.168,0.682,0.136,3.4,0.666,11.065841668146806,-2.0158416681468054,2.0158416681468054
Ben Saraf,2025-26,BRK,2884560.0,1.87,bench,0,20.0,44,20.8,0.06,0.486,0.202,2.7,0.396,-0.13875077663961213,2.008750776639612,2.008750776639612
David Nwaba,2017-18,CHI,1312611.0,1.33,bench,0,25.0,70,23.5,0.075,0.542,0.153,2.9,0.478,3.3376535094849036,-2.0076535094849035,2.0076535094849035
Frank Kaminsky,2017-18,CHO,2847600.0,2.88,bench,1,25.0,79,23.2,0.098,0.545,0.202,3.9,0.429,4.885764394539386,-2.005764394539386,2.005764394539386
Jalen Brunson,2019-20,DAL,1416852.0,1.3,bench,0,23.0,57,17.9,0.107,0.553,0.199,3.2,0.466,3.305423576797718,-2.0054235767977175,2.0054235767977175
Patrick McCaw,2017-18,GSW,1312611.0,1.33,bench,0,22.0,57,16.9,0.046,0.477,0.125,1.6,0.409,-0.6706354063379424,2.0006354063379423,2.0006354063379423
Willie Cauley-Stein,2016-17,SAC,3551160.0,3.77,bench,0,23.0,75,18.9,0.106,0.558,0.195,3.4,0.53,1.7699583966545052,2.000041603345495,2.000041603345495
Quentin Grimes,2021-22,NYK,2168760.0,1.93,bench,0,22.0,46,17.1,0.07,0.565,0.149,2.1,0.404,-0.0699328144050504,1.9999328144050503,1.9999328144050503
Malcolm Delaney,2017-18,ATL,2500000.0,2.52,bench,0,29.0,54,18.8,0.081,0.519,0.166,2.0,0.382,4.519676587060984,-1.9996765870609843,1.9996765870609843
Jae Crowder,2018-19,UTA,7305825.0,7.17,bench,0,28.0,80,27.1,0.086,0.538,0.183,4.0,0.399,9.16893949602437,-1.99893949602437,1.99893949602437
Furkan Korkmaz,2018-19,PHI,1740000.0,1.71,bench,0,21.0,48,14.2,0.079,0.528,0.174,2.0,0.4,-0.28307467186759633,1.9930746718675962,1.9930746718675962
Jakob Poeltl,2017-18,TOR,2825640.0,2.85,bench,1,22.0,82,18.6,0.097,0.662,0.143,3.1,0.659,0.8598721453950465,1.9901278546049537,1.9901278546049537
LaMelo Ball,2020-21,CHO,7839960.0,7.18,bench,0,19.0,51,28.8,0.121,0.539,0.247,5.7,0.436,9.165062489385237,-1.9850624893852373,1.9850624893852373
Dennis Schroder,2017-18,ATL,15500000.0,15.65,star,0,24.0,67,31.0,0.116,0.515,0.299,7.5,0.436,13.665437302870567,1.9845626971294337,1.9845626971294337
Corey Kispert,2024-25,WAS,5705887.0,4.06,bench,1,26.0,61,26.3,0.074,0.584,0.169,4.2,0.451,6.044384371823179,-1.9843843718231797,1.9843843718231797
Derrick Favors,2017-18,UTA,12000000.0,12.12,starter,1,26.0,77,28.0,0.119,0.593,0.181,5.1,0.563,10.136424662087522,1.9835753379124768,1.9835753379124768
Sterling Brown,2018-19,MIL,1378242.0,1.35,bench,0,24.0,58,17.8,0.078,0.563,0.149,2.5,0.465,3.3332221232643797,-1.9832221232643796,1.9832221232643796
Trey Lyles,2022-23,SAC,2625000.0,2.12,bench,1,27.0,74,16.9,0.099,0.607,0.174,2.5,0.458,4.099868629022732,-1.9798686290227323,1.9798686290227323
Darius Miller,2017-18,NOP,2100000.0,2.12,bench,0,28.0,82,23.7,0.056,0.617,0.124,2.6,0.444,4.098851455668229,-1.978851455668229,1.978851455668229
Chris Boucher,2024-25,TOR,10810000.0,7.69,bench,0,32.0,50,17.2,0.126,0.615,0.208,3.6,0.492,9.666517531926445,-1.9765175319264445,1.9765175319264445
Jalen Smith,2023-24,IND,5043773.0,3.71,bench,1,24.0,61,17.2,0.124,0.682,0.187,3.8,0.592,5.6855422630361545,-1.9755422630361545,1.9755422630361545
Jarred Vanderbilt,2024-25,LAL,10714286.0,7.62,bench,0,26.0,36,16.1,0.082,0.537,0.116,1.6,0.488,5.657019118773967,1.9629808812260334,1.9629808812260334
Bennedict Mathurin,2023-24,IND,6916080.0,5.08,bench,0,22.0,59,26.1,0.087,0.562,0.226,5.0,0.446,7.040006730806957,-1.960006730806957,1.960006730806957
Luc Mbah a Moute,2016-17,LAC,2203000.0,2.34,bench,0,30.0,80,22.3,0.056,0.581,0.114,2.4,0.505,4.298235749289935,-1.9582357492899352,1.9582357492899352
Danny Green,2016-17,SAS,10000000.0,10.62,starter,0,30.0,68,26.6,0.069,0.537,0.135,2.6,0.392,8.662258719609357,1.9577412803906427,1.9577412803906427
Amen Thompson,2023-24,HOU,8809320.0,6.48,bench,0,21.0,62,22.4,0.121,0.576,0.173,3.9,0.536,4.52340912494395,1.9565908750560501,1.9565908750560501
Andre Roberson,2016-17,OKC,2183072.0,2.32,bench,1,25.0,79,30.1,0.059,0.51,0.099,2.7,0.464,4.275529281745487,-1.9555292817454872,1.9555292817454872
Jalen Duren,2022-23,DET,4124280.0,3.34,bench,0,19.0,67,24.9,0.116,0.655,0.139,3.9,0.648,1.3855214076289293,1.9544785923710706,1.9544785923710706
Jayson Tatum,2022-23,BOS,30351780.0,24.55,star,0,25.0,74,36.9,0.167,0.607,0.319,9.8,0.466,22.59986832018485,1.9501316798151507,1.9501316798151507
Collin Murray-Boyles,2025-26,TOR,6332520.0,4.09,bench,0,20.0,57,21.9,0.098,0.621,0.15,3.5,0.579,2.141956421771289,1.9480435782287109,1.9480435782287109
Davion Mitchell,2021-22,SAC,4603200.0,4.09,bench,0,23.0,75,27.7,0.074,0.489,0.202,4.7,0.418,6.034562049455677,-1.9445620494556772,1.9445620494556772
Brandon Jennings,2016-17,TOT,6037318.0,6.41,bench,0,27.0,81,22.2,0.089,0.479,0.172,2.4,0.359,4.476279662010356,1.9337203379896444,1.9337203379896444
Troy Daniels,2018-19,PHO,3258539.0,3.2,bench,0,27.0,51,14.9,0.056,0.558,0.171,2.2,0.411,1.269006400274327,1.930993599725673,1.930993599725673
Mouhamed Gueye,2025-26,ATL,2221677.0,1.44,bench,0,23.0,77,15.3,0.075,0.539,0.12,1.7,0.452,-0.48983237010085406,1.929832370100854,1.929832370100854
Jae'Sean Tate,2022-23,HOU,7065217.0,5.71,bench,0,27.0,31,21.9,0.076,0.546,0.178,3.5,0.48,7.639077655982089,-1.9290776559820895,1.9290776559820895
Jaylen Brown,2020-21,BOS,23437500.0,21.47,star,0,24.0,58,34.5,0.129,0.586,0.29,9.3,0.484,19.54136456696828,1.9286354330317188,1.9286354330317188
Christian Wood,2021-22,HOU,13666667.0,12.16,starter,0,26.0,68,30.8,0.142,0.595,0.233,6.5,0.501,14.087912688179808,-1.9279126881798074,1.9279126881798074
Day'Ron Sharpe,2022-23,BRK,2109480.0,1.71,bench,0,21.0,48,11.5,0.093,0.581,0.173,1.9,0.544,-0.21678011407478978,1.9267801140747898,1.9267801140747898
Harrison Barnes,2023-24,SAC,17000000.0,12.5,starter,0,32.0,82,29.0,0.073,0.611,0.154,4.2,0.474,10.57380023601085,1.9261997639891497,1.9261997639891497
Marquese Chriss,2019-20,GSW,1413272.0,1.29,bench,1,22.0,59,20.3,0.127,0.604,0.184,3.6,0.545,3.2110808598506546,-1.9210808598506546,1.9210808598506546
Ian Clark,2018-19,NOP,1757429.0,1.73,bench,0,28.0,60,16.2,0.052,0.502,0.185,2.5,0.394,3.6505216933057087,-1.9205216933057088,1.9205216933057088
Robin Lopez,2020-21,WAS,7300000.0,6.69,bench,0,33.0,71,19.1,0.102,0.661,0.169,3.8,0.633,8.610383849910738,-1.9203838499107375,1.9203838499107375
Jusuf Nurkić,2020-21,POR,12888889.0,11.81,starter,0,26.0,37,23.8,0.134,0.554,0.217,4.6,0.514,13.72715135118893,-1.917151351188929,1.917151351188929
Mike Muscala,2019-20,OKC,2028594.0,1.86,bench,0,28.0,47,12.2,0.083,0.569,0.16,1.6,0.407,3.7763058879413194,-1.9163058879413193,1.9163058879413193
Rodney McGruder,2021-22,DET,1939350.0,1.73,bench,0,30.0,51,14.8,0.077,0.577,0.142,1.9,0.436,3.643892615969792,-1.9138926159697922,1.9138926159697922
Shaun Livingston,2018-19,GSW,8307692.0,8.16,starter,0,33.0,64,15.1,0.073,0.555,0.118,1.7,0.519,6.254226577962685,1.9057734220373153,1.9057734220373153
Draymond Green,2024-25,GSW,24107143.0,17.15,star,0,35.0,68,29.2,0.088,0.534,0.157,3.2,0.424,15.249539480323914,1.9004605196760842,1.9004605196760842
Grant Williams,2025-26,CHO,13645500.0,8.82,starter,0,27.0,36,19.8,0.089,0.609,0.132,2.2,0.426,6.919749956491405,1.9002500435085956,1.9002500435085956
D'Angelo Russell,2016-17,LAL,5332800.0,5.66,bench,0,21.0,63,28.7,0.099,0.518,0.264,5.6,0.405,7.556694694123559,-1.8966946941235587,1.8966946941235587
Josh Richardson,2019-20,PHI,10116576.0,9.27,starter,0,26.0,55,30.8,0.078,0.533,0.2,5.1,0.43,11.164648679235343,-1.8946486792353436,1.8946486792353436
Jusuf Nurkić,2018-19,POR,11111111.0,10.91,starter,0,24.0,72,27.4,0.146,0.57,0.241,5.8,0.508,12.800891702607014,-1.8908917026070142,1.8908917026070142
D.J. Wilson,2018-19,MIL,2534280.0,2.49,bench,0,23.0,48,18.4,0.075,0.515,0.141,2.2,0.414,4.38058416356462,-1.8905841635646201,1.8905841635646201
Kyle Anderson,2017-18,SAS,2151704.0,2.17,bench,1,24.0,74,26.7,0.111,0.582,0.133,3.1,0.527,4.059299453876688,-1.8892994538766876,1.8892994538766876
Robin Lopez,2017-18,CHI,13788500.0,13.92,starter,0,30.0,64,26.4,0.087,0.552,0.203,5.3,0.53,12.030991246421513,1.8890087535784872,1.8890087535784872
Herbert Jones,2021-22,NOP,1700000.0,1.51,bench,0,23.0,78,29.9,0.068,0.573,0.136,3.5,0.476,3.396228059044673,-1.886228059044673,1.886228059044673
Mindaugas Kuzminskas,2016-17,NYK,2898000.0,3.08,bench,0,27.0,68,14.9,0.075,0.533,0.186,2.3,0.428,1.1948702000200362,1.8851297999799639,1.8851297999799639
Donte DiVincenzo,2024-25,MIN,11445000.0,8.14,starter,0,28.0,62,25.9,0.1,0.582,0.188,4.0,0.422,10.023852768472716,-1.8838527684727158,1.8838527684727158
Marcus Smart,2016-17,BOS,3578880.0,3.8,bench,1,23.0,79,30.4,0.082,0.486,0.183,3.4,0.359,5.6832724271643995,-1.8832724271643997,1.8832724271643997
Justin Jackson,2017-18,SAC,2365560.0,2.39,bench,0,23.0,68,22.2,0.064,0.521,0.139,2.7,0.442,0.5067919736407163,1.8832080263592839,1.8832080263592839
Alex Len,2018-19,ATL,4350000.0,4.27,bench,0,26.0,77,20.1,0.1,0.575,0.214,4.2,0.494,6.149110992037854,-1.8791109920378544,1.8791109920378544
Chris Paul,2022-23,PHO,28400000.0,22.97,star,0,38.0,59,32.0,0.133,0.555,0.195,5.0,0.44,21.092320939673783,1.8776790603262157,1.8776790603262157
Darren Collison,2018-19,IND,10000000.0,9.82,starter,0,31.0,76,28.2,0.114,0.574,0.176,4.1,0.467,11.696082837587808,-1.8760828375878074,1.8760828375878074
Lonnie Walker,2023-24,BRK,2019706.0,1.48,bench,0,25.0,58,17.4,0.09,0.545,0.235,3.6,0.423,3.3537550018774733,-1.8737550018774733,1.8737550018774733
P.J. Washington,2021-22,CHO,4215120.0,3.75,bench,1,23.0,65,27.2,0.085,0.588,0.154,3.8,0.47,5.61666421241414,-1.8666642124141397,1.8666642124141397
Shai Gilgeous-Alexander,2023-24,OKC,33386850.0,24.55,star,0,25.0,75,34.0,0.187,0.636,0.317,10.6,0.535,22.683474359668192,1.8665256403318082,1.8665256403318082
Bojan Bogdanović,2019-20,UTA,17000000.0,15.58,star,0,31.0,63,33.1,0.105,0.603,0.252,6.6,0.447,17.44627636994611,-1.8662763699461085,1.8662763699461085
Obi Toppin,2022-23,NYK,5348280.0,4.33,bench,1,25.0,67,15.7,0.095,0.565,0.187,2.8,0.446,2.4653584752246167,1.8646415247753834,1.8646415247753834
Lauri Markkanen,2020-21,CHI,6731508.0,6.17,bench,1,24.0,51,25.8,0.11,0.619,0.197,4.9,0.48,8.0274843471512,-1.8574843471511997,1.8574843471511997
Anfernee Simons,2019-20,POR,2149560.0,1.97,bench,0,21.0,70,20.7,0.055,0.502,0.18,3.1,0.399,0.11370062767164803,1.8562993723283518,1.8562993723283518
Joe Harris,2016-17,BRK,980431.0,1.04,bench,1,25.0,52,21.9,0.061,0.558,0.159,3.0,0.425,2.8951432515450874,-1.8551432515450874,1.8551432515450874
Troy Daniels,2016-17,MEM,3332940.0,3.54,bench,0,25.0,67,17.7,0.065,0.531,0.203,2.8,0.374,1.6876087465025982,1.8523912534974019,1.8523912534974019
Zach Edey,2024-25,MEM,5756880.0,4.09,bench,0,23.0,66,21.5,0.111,0.624,0.156,3.8,0.58,5.9382408092301535,-1.8482408092301537,1.8482408092301537
Tre Mann,2022-23,OKC,3046200.0,2.46,bench,0,22.0,67,17.7,0.072,0.492,0.2,2.9,0.393,0.6146413337981907,1.8453586662018093,1.8453586662018093
Norman Powell,2023-24,LAC,18000000.0,13.23,starter,0,31.0,76,26.2,0.087,0.626,0.193,4.9,0.486,11.384670703157681,1.8453292968423192,1.8453292968423192
Clint Capela,2021-22,ATL,17103448.0,15.21,star,0,28.0,74,27.6,0.133,0.604,0.149,5.0,0.613,13.369919985955683,1.840080014044318,1.840080014044318
Cory Joseph,2018-19,IND,7945000.0,7.8,bench,1,27.0,82,25.2,0.087,0.474,0.134,2.8,0.412,5.9631069872154185,1.8368930127845813,1.8368930127845813
Day'Ron Sharpe,2024-25,BRK,3989122.0,2.84,bench,1,23.0,50,18.1,0.134,0.568,0.186,3.3,0.521,4.673568755446195,-1.833568755446195,1.833568755446195
Darren Collison,2017-18,IND,10000000.0,10.1,starter,0,30.0,69,29.3,0.114,0.61,0.17,4.6,0.495,11.931412995972337,-1.8314129959723378,1.8314129959723378
Ryan Arcidiacono,2019-20,CHI,3000000.0,2.75,bench,0,26.0,58,16.0,0.061,0.551,0.121,1.6,0.409,0.9198171278640885,1.8301828721359115,1.8301828721359115
Damian Jones,2021-22,SAC,1977011.0,1.76,bench,0,27.0,56,18.2,0.11,0.701,0.163,3.1,0.658,3.5878459513804297,-1.8278459513804297,1.8278459513804297
Jericho Sims,2022-23,NYK,1639842.0,1.33,bench,0,24.0,52,15.6,0.086,0.78,0.074,1.6,0.776,-0.4978383847591528,1.8278383847591528,1.8278383847591528
LeBron James,2024-25,LAL,48728845.0,34.66,max,0,40.0,70,34.9,0.169,0.604,0.291,9.3,0.513,32.83364303436665,1.8263569656333445,1.8263569656333445
Jonathan Isaac,2018-19,ORL,4969080.0,4.88,bench,0,21.0,75,26.6,0.082,0.537,0.16,3.5,0.429,3.0568170109280177,1.8231829890719822,1.8231829890719822
Josh Okogie,2019-20,MIN,2530680.0,2.32,bench,0,21.0,62,25.0,0.07,0.553,0.148,2.7,0.427,0.49758985383575505,1.8224101461642448,1.8224101461642448
Luke Kennard,2023-24,MEM,14763636.0,10.85,starter,0,28.0,39,25.6,0.099,0.641,0.166,3.6,0.448,9.027970820358094,1.8220291796419055,1.8220291796419055
Nic Claxton,2022-23,BRK,8500000.0,6.87,bench,0,24.0,76,29.9,0.134,0.691,0.155,5.4,0.705,8.68644076650877,-1.8164407665087703,1.8164407665087703
Jalen Green,2021-22,HOU,8992200.0,8.0,bench,0,20.0,67,31.9,0.085,0.547,0.234,6.1,0.426,6.185091835927604,1.8149081640723956,1.8149081640723956
DeMar DeRozan,2023-24,CHI,28600000.0,21.03,star,0,34.0,79,37.8,0.129,0.584,0.252,8.2,0.48,22.842626856878738,-1.8126268568787367,1.8126268568787367
Jae'Sean Tate,2023-24,HOU,6500000.0,4.78,bench,0,28.0,65,15.9,0.059,0.538,0.115,1.7,0.472,2.9721508020557112,1.807849197944289,1.807849197944289
Shabazz Muhammad,2016-17,MIN,3046299.0,3.24,bench,0,24.0,78,19.4,0.094,0.566,0.209,3.7,0.482,1.4334581890585307,1.8065418109414695,1.8065418109414695
Channing Frye,2016-17,CLE,7806971.0,8.29,starter,0,34.0,74,18.9,0.101,0.612,0.193,3.2,0.458,10.095921175439267,-1.8059211754392681,1.8059211754392681
Isaiah Hartenstein,2021-22,LAC,1729217.0,1.54,bench,1,24.0,68,17.9,0.132,0.664,0.177,3.4,0.626,3.336455814019739,-1.796455814019739,1.796455814019739
Chris Boucher,2021-22,TOR,7020000.0,6.24,bench,1,29.0,80,21.1,0.111,0.57,0.172,3.4,0.464,8.03398262283277,-1.79398262283277,1.79398262283277
Mikal Bridges,2023-24,BRK,21700000.0,15.95,star,0,27.0,82,34.8,0.105,0.56,0.238,6.9,0.436,14.156050127828768,1.7939498721712308,1.7939498721712308
Cam Thomas,2022-23,BRK,2138160.0,1.73,bench,0,21.0,57,16.6,0.102,0.567,0.268,3.5,0.441,-0.059306374298315874,1.789306374298316,1.789306374298316
Jakob Poeltl,2023-24,TOR,19500000.0,14.34,starter,0,28.0,50,26.4,0.117,0.653,0.16,5.0,0.656,12.55110602370215,1.7888939762978495,1.7888939762978495
Jarrett Allen,2025-26,CLE,20000000.0,12.93,starter,0,28.0,56,27.1,0.143,0.669,0.196,6.0,0.638,14.718825218024858,-1.7888252180248578,1.7888252180248578
Noah Vonleh,2018-19,NYK,1621415.0,1.59,bench,1,23.0,68,25.3,0.104,0.561,0.144,3.0,0.47,3.3764456621474266,-1.7864456621474265,1.7864456621474265
Jerian Grant,2016-17,CHI,1643040.0,1.75,bench,0,24.0,63,16.3,0.084,0.555,0.159,2.0,0.425,-0.03431267290228074,1.7843126729022807,1.7843126729022807
Bub Carrington,2024-25,WAS,4454880.0,3.17,bench,0,19.0,82,30.0,0.071,0.514,0.154,3.7,0.401,1.3907269218352583,1.7792730781647417,1.7792730781647417
Jonas Jerebko,2017-18,UTA,4000000.0,4.04,bench,0,31.0,74,15.3,0.091,0.586,0.151,2.1,0.466,5.817313576704517,-1.7773135767045174,1.7773135767045174
Yves Missi,2025-26,NOP,3353040.0,2.17,bench,0,22.0,66,19.7,0.087,0.556,0.122,2.4,0.544,0.3983699871288167,1.7716300128711833,1.7716300128711833
Chandler Hutchison,2019-20,CHI,2332320.0,2.14,bench,0,24.0,28,18.8,0.086,0.521,0.183,2.9,0.457,3.904877584276627,-1.7648775842766269,1.7648775842766269
Dwight Powell,2025-26,DAL,4000000.0,2.59,bench,0,34.0,63,14.4,0.073,0.699,0.084,1.0,0.644,4.35064000960137,-1.76064000960137,1.76064000960137
Taurean Prince,2022-23,MIN,7295000.0,5.9,bench,0,29.0,54,22.1,0.065,0.597,0.165,3.3,0.467,7.659752716031509,-1.7597527160315085,1.7597527160315085
Anfernee Simons,2020-21,POR,2252040.0,2.06,bench,1,22.0,64,17.3,0.079,0.589,0.18,2.6,0.419,0.3026233386154063,1.7573766613845938,1.7573766613845938
Brandon Rush,2016-17,MIN,3500000.0,3.72,bench,0,31.0,47,21.9,0.043,0.505,0.097,1.5,0.374,5.47424368912594,-1.7542436891259396,1.7542436891259396
Jaren Jackson,2019-20,MEM,6927480.0,6.35,bench,0,20.0,57,28.5,0.089,0.593,0.238,6.2,0.469,8.103382232217438,-1.7533822322174384,1.7533822322174384
Myles Turner,2023-24,IND,20975000.0,15.42,star,0,28.0,77,27.0,0.116,0.626,0.234,6.2,0.524,13.67259976299253,1.7474002370074704,1.7474002370074704
Aaron Holiday,2025-26,HOU,2296274.0,1.48,bench,0,29.0,57,13.7,0.063,0.578,0.159,1.8,0.417,3.2257356453093977,-1.7457356453093977,1.7457356453093977
Ziaire Williams,2025-26,BRK,6250000.0,4.04,bench,0,24.0,56,22.9,0.079,0.579,0.179,3.3,0.425,2.2963677243652505,1.7436322756347495,1.7436322756347495
Ricky Rubio,2019-20,PHO,16200000.0,14.84,starter,0,29.0,65,31.0,0.12,0.535,0.199,4.4,0.415,13.100240781304922,1.7397592186950774,1.7397592186950774
Cameron Payne,2018-19,TOT,3440357.0,3.38,bench,0,24.0,40,17.8,0.074,0.519,0.169,2.4,0.43,1.6404913447313045,1.7395086552686954,1.7395086552686954
LeBron James,2021-22,LAL,41180544.0,36.63,max,0,37.0,56,37.2,0.18,0.619,0.317,11.4,0.524,34.90050058034332,1.7294994196566833,1.7294994196566833
Marvin Williams,2018-19,CHO,14087500.0,13.83,starter,0,33.0,75,28.4,0.08,0.548,0.147,3.7,0.422,12.10133481311102,1.7286651868889802,1.7286651868889802
Zeke Nnaji,2021-22,DEN,2498760.0,2.22,bench,0,21.0,41,17.0,0.078,0.629,0.146,2.3,0.516,0.4927205860809263,1.727279413919074,1.727279413919074
Nik Stauskas,2018-19,TOT,2161887.0,2.12,bench,0,25.0,68,14.9,0.078,0.545,0.171,2.0,0.402,0.3929181324247092,1.7270818675752908,1.7270818675752908
E'Twaun Moore,2016-17,NOP,8081363.0,8.58,starter,0,28.0,73,24.9,0.073,0.537,0.171,3.9,0.457,6.85888498089882,1.7211150191011804,1.7211150191011804
Nick Richards,2023-24,CHO,5000000.0,3.68,bench,0,26.0,67,26.2,0.108,0.717,0.131,3.9,0.691,5.401044015977122,-1.7210440159771214,1.7210440159771214
Miles Bridges,2025-26,CHO,25000000.0,16.17,star,0,28.0,77,31.0,0.114,0.57,0.221,6.2,0.46,14.45573215501245,1.7142678449875515,1.7142678449875515
Mitchell Robinson,2021-22,NYK,1802057.0,1.6,bench,1,24.0,72,25.7,0.114,0.722,0.11,3.6,0.761,3.3140704432350105,-1.7140704432350105,1.7140704432350105
Josh Hart,2018-19,LAL,1655160.0,1.62,bench,0,24.0,67,25.6,0.063,0.526,0.13,2.8,0.407,3.3288924892242786,-1.7088924892242785,1.7088924892242785
Al-Farouq Aminu,2017-18,POR,7319035.0,7.39,bench,0,27.0,69,30.0,0.09,0.522,0.145,3.3,0.395,9.093344697506486,-1.7033446975064868,1.7033446975064868
Kelly Oubre,2017-18,WAS,2093040.0,2.11,bench,1,22.0,81,27.5,0.079,0.534,0.188,3.9,0.403,3.8126660273146475,-1.7026660273146477,1.7026660273146477
Cam Reddish,2019-20,ATL,4245720.0,3.89,bench,0,20.0,58,26.7,0.059,0.5,0.185,3.7,0.384,2.187571971389443,1.7024280286105573,1.7024280286105573
Marcus Smart,2022-23,BOS,17457142.0,14.12,starter,0,29.0,61,32.1,0.076,0.538,0.176,4.1,0.415,12.418879900060384,1.7011200999396152,1.7011200999396152
Matisse Thybulle,2020-21,PHI,2711280.0,2.48,bench,0,24.0,65,20.0,0.053,0.508,0.09,1.6,0.42,0.7794176700658397,1.7005823299341603,1.7005823299341603
Kosta Koufos,2017-18,SAC,8393000.0,8.48,starter,0,29.0,71,19.6,0.124,0.566,0.15,3.1,0.571,6.782787881895251,1.6972121181047495,1.6972121181047495
Jordan Nwora,2021-22,MIL,1517981.0,1.35,bench,1,23.0,62,19.1,0.072,0.506,0.187,3.0,0.403,3.0457156431850696,-1.6957156431850695,1.6957156431850695
Justin Champagnie,2025-26,WAS,2349578.0,1.52,bench,0,24.0,69,20.0,0.106,0.589,0.161,3.4,0.502,3.2131031211660948,-1.6931031211660947,1.6931031211660947
Pat Connaughton,2020-21,MIL,4938273.0,4.52,bench,0,28.0,69,22.8,0.079,0.578,0.113,2.4,0.434,6.207099062232832,-1.6870990622328321,1.6870990622328321
Terance Mann,2023-24,LAC,10576923.0,7.78,bench,0,27.0,75,25.0,0.071,0.615,0.135,3.4,0.515,6.096218505946644,1.6837814940533562,1.6837814940533562
Ayo Dosunmu,2023-24,CHI,6481482.0,4.77,bench,0,24.0,76,29.1,0.083,0.604,0.168,4.7,0.501,6.453705586386794,-1.683705586386794,1.683705586386794
Cam Reddish,2020-21,ATL,4458000.0,4.08,bench,0,21.0,26,28.9,0.053,0.488,0.183,3.7,0.365,5.7636244094243745,-1.6836244094243744,1.6836244094243744
Cade Cunningham,2021-22,DET,10050120.0,8.94,starter,0,20.0,64,32.6,0.1,0.504,0.273,6.7,0.416,10.61411970975492,-1.6741197097549207,1.6741197097549207
Danny Green,2020-21,PHI,15365853.0,14.08,starter,0,34.0,69,28.0,0.073,0.582,0.138,3.2,0.412,12.411118168867972,1.668881831132028,1.668881831132028
Talen Horton-Tucker,2024-25,CHI,2087519.0,1.48,bench,0,24.0,58,12.5,0.09,0.567,0.208,2.3,0.457,-0.1876451433206112,1.6676451433206112,1.6676451433206112
Aleksej Pokusevski,2022-23,OKC,3261480.0,2.64,bench,1,21.0,34,20.6,0.085,0.522,0.179,3.2,0.434,4.304515147979459,-1.664515147979459,1.664515147979459
Dennis Smith,2021-22,POR,1789256.0,1.59,bench,0,24.0,37,17.3,0.095,0.474,0.173,2.1,0.418,3.251432930780704,-1.6614329307807039,1.6614329307807039
Jerami Grant,2020-21,DET,19050000.0,17.45,star,0,27.0,54,33.9,0.114,0.556,0.278,7.4,0.429,15.78860522889309,1.6613947711069095,1.6613947711069095
Shelvin Mack,2017-18,ORL,6000000.0,6.06,bench,0,28.0,69,19.8,0.103,0.518,0.175,2.6,0.43,4.399916466157706,1.6600835338422932,1.6600835338422932
DeAndre' Bembry,2018-19,ATL,1634640.0,1.6,bench,1,24.0,82,23.6,0.081,0.508,0.168,3.4,0.446,3.2587719489314217,-1.6587719489314217,1.6587719489314217
Terry Rozier,2022-23,CHO,21486316.0,17.38,star,0,29.0,63,35.3,0.101,0.517,0.262,7.8,0.415,19.03738624607929,-1.657386246079291,1.657386246079291
Dejounte Murray,2017-18,SAS,1312611.0,1.33,bench,0,21.0,81,21.5,0.117,0.485,0.201,3.3,0.443,2.985204524365266,-1.6552045243652658,1.6552045243652658
Danilo Gallinari,2023-24,TOT,7464578.0,5.49,bench,0,35.0,49,12.8,0.093,0.601,0.171,1.7,0.437,7.145009934120123,-1.6550099341201232,1.6550099341201232
Furkan Korkmaz,2020-21,PHI,1762796.0,1.62,bench,1,23.0,55,19.3,0.089,0.544,0.195,3.1,0.401,3.2693554211967575,-1.6493554211967574,1.6493554211967574
Kyle Anderson,2016-17,SAS,1192080.0,1.27,bench,1,23.0,72,14.2,0.098,0.525,0.118,1.3,0.445,-0.37446106396431494,1.644461063964315,1.644461063964315
Yuta Watanabe,2022-23,BRK,1836090.0,1.48,bench,1,28.0,58,16.0,0.076,0.637,0.127,2.0,0.491,3.123688184772808,-1.6436881847728082,1.6436881847728082
Skal Labissière,2019-20,ATL,2338847.0,2.14,bench,0,24.0,33,17.2,0.093,0.588,0.139,2.5,0.551,3.781717000486521,-1.641717000486521,1.641717000486521
Eric Gordon,2017-18,HOU,12943020.0,13.07,starter,0,29.0,69,31.2,0.09,0.578,0.238,6.0,0.428,14.711306124547235,-1.641306124547235,1.641306124547235
Brandon Clarke,2024-25,MEM,12500000.0,8.89,starter,0,28.0,64,18.9,0.108,0.638,0.15,3.7,0.621,7.251219284430869,1.6387807155691316,1.6387807155691316
Jaime Jaquez,2024-25,MIA,3685800.0,2.62,bench,0,24.0,66,20.7,0.098,0.543,0.194,3.2,0.461,4.256244619579269,-1.6362446195792693,1.6362446195792693
Frank Mason,2017-18,SAC,1184385.0,1.2,bench,0,24.0,52,18.9,0.091,0.48,0.226,2.8,0.379,2.8335342705909654,-1.6335342705909655,1.6335342705909655
Joe Young,2017-18,IND,1471382.0,1.49,bench,0,26.0,53,10.5,0.07,0.521,0.169,1.5,0.43,-0.14302671564719294,1.633026715647193,1.633026715647193
James Harden,2024-25,LAC,33653846.0,23.94,star,0,35.0,79,35.3,0.145,0.582,0.286,6.7,0.41,22.307281147205934,1.632718852794067,1.632718852794067
Trendon Watford,2023-24,BRK,2019706.0,1.48,bench,1,23.0,63,13.6,0.11,0.611,0.203,2.6,0.527,-0.1524115312791766,1.6324115312791765,1.6324115312791765
Marvin Williams,2016-17,CHO,12250000.0,13.01,starter,0,31.0,76,30.2,0.096,0.551,0.16,3.9,0.422,11.379747756534561,1.6302522434654385,1.6302522434654385
Jusuf Nurkić,2023-24,PHO,16875000.0,12.41,starter,0,29.0,76,27.3,0.12,0.559,0.187,4.2,0.51,14.039415706493678,-1.6294157064936776,1.6294157064936776
Eric Bledsoe,2019-20,MIL,15625000.0,14.32,starter,0,30.0,61,27.0,0.125,0.571,0.233,5.5,0.475,15.949071715135368,-1.6290717151353675,1.6290717151353675
Markelle Fultz,2022-23,ORL,16500000.0,13.34,starter,0,25.0,60,29.6,0.111,0.564,0.208,5.8,0.514,11.711111309322575,1.6288886906774245,1.6288886906774245
Nicolò Melli,2019-20,NOP,4102564.0,3.76,bench,0,29.0,60,17.4,0.072,0.556,0.158,2.3,0.421,5.386753089413983,-1.6267530894139828,1.6267530894139828
Bub Carrington,2025-26,WAS,4677600.0,3.02,bench,0,20.0,82,27.7,0.072,0.556,0.174,3.8,0.424,1.3935987632933378,1.6264012367066623,1.6264012367066623
Abdel Nader,2018-19,OKC,1378242.0,1.35,bench,0,25.0,61,11.4,0.066,0.522,0.148,1.5,0.423,-0.2751536695997154,1.6251536695997155,1.6251536695997155
Simone Fontecchio,2024-25,DET,7692308.0,5.47,bench,0,29.0,75,16.5,0.068,0.544,0.152,2.0,0.402,3.8450388837920464,1.6249611162079534,1.6249611162079534
Marco Belinelli,2016-17,CHO,6333333.0,6.73,bench,0,31.0,74,24.0,0.088,0.566,0.187,3.6,0.429,8.354522870649767,-1.6245228706497663,1.6245228706497663
Kevin Durant,2017-18,GSW,25000000.0,25.24,max,0,29.0,68,34.2,0.168,0.64,0.293,9.3,0.516,23.61611412039853,1.6238858796014668,1.6238858796014668
Onyeka Okongwu,2022-23,ATL,6395160.0,5.17,bench,1,22.0,80,23.1,0.111,0.678,0.15,4.0,0.638,3.5513775038113513,1.6186224961886486,1.6186224961886486
Will Barton,2021-22,DEN,15625000.0,13.9,starter,0,31.0,71,32.1,0.095,0.548,0.205,5.5,0.438,15.517907442877691,-1.6179074428776907,1.6179074428776907
DeAndre Liggins,2017-18,TOT,1538578.0,1.55,bench,0,30.0,58,12.5,0.035,0.467,0.079,0.7,0.377,3.1676893567598396,-1.6176893567598396,1.6176893567598396
Jake Layman,2018-19,POR,1544951.0,1.52,bench,1,25.0,71,18.7,0.082,0.594,0.156,3.0,0.509,3.1375650220476263,-1.6175650220476263,1.6175650220476263
Ochai Agbaji,2022-23,UTA,3918360.0,3.17,bench,0,23.0,59,20.5,0.052,0.561,0.154,2.8,0.427,1.5526879378144272,1.6173120621855728,1.6173120621855728
Dion Waiters,2018-19,MIA,11550000.0,11.34,starter,0,27.0,44,25.9,0.083,0.53,0.213,4.5,0.414,9.72368856999474,1.6163114300052595,1.6163114300052595
Collin Sexton,2024-25,UTA,18350000.0,13.05,starter,0,26.0,63,27.9,0.106,0.593,0.264,6.6,0.48,11.435062752025308,1.6149372479746926,1.6149372479746926
Jimmy Butler,2016-17,CHI,17552209.0,18.64,star,0,27.0,76,37.0,0.164,0.586,0.261,7.5,0.455,17.026124318766865,1.6138756812331359,1.6138756812331359
Thomas Bryant,2018-19,WAS,1378242.0,1.35,bench,1,21.0,72,20.8,0.135,0.674,0.17,4.3,0.616,2.9609366871366007,-1.6109366871366007,1.6109366871366007
DeMar DeRozan,2022-23,CHI,27300000.0,22.08,star,0,33.0,74,36.2,0.138,0.592,0.272,8.9,0.504,23.688816076464533,-1.6088160764645352,1.6088160764645352
Clint Capela,2018-19,HOU,15293104.0,15.01,star,0,25.0,67,33.6,0.156,0.658,0.18,7.1,0.648,16.615001084533628,-1.6050010845336278,1.6050010845336278
Scoot Henderson,2025-26,POR,10748040.0,6.95,bench,0,22.0,30,24.9,0.086,0.553,0.246,4.8,0.418,8.553253352906358,-1.603253352906358,1.603253352906358
Terrence Ross,2020-21,ORL,13500000.0,12.37,starter,0,30.0,46,29.3,0.09,0.53,0.23,5.5,0.412,13.969637575434767,-1.5996375754347678,1.5996375754347678
Darius Garland,2019-20,CLE,6400920.0,5.86,bench,0,20.0,59,30.9,0.057,0.498,0.201,4.7,0.401,4.261619722585541,1.598380277414459,1.598380277414459
Zach Collins,2023-24,SAS,7700000.0,5.66,bench,1,26.0,69,22.1,0.095,0.565,0.224,4.3,0.484,7.2544541192140315,-1.5944541192140314,1.5944541192140314
Tre Jones,2021-22,SAS,1517981.0,1.35,bench,0,22.0,69,16.6,0.105,0.545,0.151,2.4,0.49,-0.2435721323719535,1.5935721323719536,1.5935721323719536
Clint Capela,2023-24,ATL,20616000.0,15.16,star,0,30.0,73,25.8,0.121,0.59,0.167,4.8,0.571,13.56779986685728,1.59220013314272,1.59220013314272
LaMarcus Aldridge,2018-19,SAS,22347015.0,21.94,star,0,33.0,81,33.2,0.143,0.576,0.268,8.4,0.519,23.531175176821417,-1.591175176821416,1.591175176821416
Derrick White,2024-25,BOS,20071429.0,14.28,starter,1,30.0,76,33.9,0.106,0.606,0.195,5.6,0.442,15.870800603308224,-1.5908006033082245,1.5908006033082245
Victor Oladipo,2018-19,IND,21000000.0,20.61,star,0,27.0,36,31.9,0.13,0.519,0.278,6.9,0.423,19.026646237155088,1.5833537628449115,1.5833537628449115
Paul Reed,2025-26,DET,5335894.0,3.45,bench,0,26.0,65,13.9,0.153,0.65,0.2,3.2,0.617,5.032840083658628,-1.5828400836586276,1.5828400836586276
Nemanja Bjelica,2016-17,MIN,3800000.0,4.04,bench,0,29.0,65,18.3,0.078,0.526,0.159,2.3,0.424,5.618808551656931,-1.5788085516569312,1.5788085516569312
Precious Achiuwa,2024-25,NYK,6000000.0,4.27,bench,0,25.0,57,20.5,0.092,0.53,0.143,2.9,0.502,5.848214433971925,-1.578214433971925,1.578214433971925
Tristan Thompson,2021-22,TOT,9946611.0,8.85,starter,0,31.0,57,15.7,0.086,0.541,0.168,2.5,0.528,7.274732606159028,1.5752673938409716,1.5752673938409716
Luka Dončić,2023-24,DAL,40064220.0,29.45,max,0,25.0,70,37.5,0.2,0.617,0.355,11.5,0.487,27.876310227895477,1.5736897721045224,1.5736897721045224
Immanuel Quickley,2021-22,NYK,2210640.0,1.97,bench,0,23.0,78,23.1,0.11,0.543,0.217,3.6,0.392,3.542940690352075,-1.5729406903520748,1.5729406903520748
Moses Moody,2024-25,GSW,5803269.0,4.13,bench,1,23.0,74,22.3,0.076,0.578,0.17,3.3,0.433,2.558150354197108,1.5718496458028919,1.5718496458028919
Kevin Knox,2018-19,NYK,3739920.0,3.67,bench,0,19.0,75,28.8,0.055,0.475,0.219,4.5,0.37,2.10043530408557,1.5695646959144298,1.5695646959144298
Malachi Flynn,2020-21,TOR,1950600.0,1.79,bench,0,23.0,47,19.7,0.083,0.484,0.183,2.7,0.374,3.3576578804544517,-1.5676578804544516,1.5676578804544516
Nick Young,2017-18,GSW,5192000.0,5.24,bench,0,33.0,80,17.4,0.061,0.562,0.169,2.5,0.412,6.802934442791878,-1.562934442791878,1.562934442791878
Jalen Wilson,2024-25,BRK,1891857.0,1.35,bench,0,24.0,79,25.7,0.065,0.541,0.161,3.1,0.397,2.9115581134877364,-1.5615581134877363,1.5615581134877363
Justin Holiday,2022-23,TOT,6862261.0,5.55,bench,0,34.0,46,15.4,0.037,0.494,0.132,1.7,0.377,7.111074072821044,-1.561074072821044,1.561074072821044
Allonzo Trier,2018-19,NYK,3382000.0,3.32,bench,0,23.0,64,22.8,0.09,0.564,0.207,3.6,0.448,1.7617610778632402,1.5582389221367596,1.5582389221367596
Malik Beasley,2018-19,DEN,1773840.0,1.74,bench,1,22.0,81,23.2,0.089,0.599,0.181,4.3,0.474,3.297097415210739,-1.557097415210739,1.557097415210739
Montrezl Harrell,2020-21,LAL,9258000.0,8.48,starter,0,27.0,69,22.9,0.152,0.65,0.211,5.4,0.622,10.0342253128773,-1.5542253128772998,1.5542253128772998
Quinn Cook,2018-19,GSW,1544951.0,1.52,bench,1,26.0,74,14.3,0.093,0.565,0.2,2.8,0.465,3.0739056131863087,-1.5539056131863087,1.5539056131863087
Nerlens Noel,2019-20,OKC,2028594.0,1.86,bench,1,26.0,61,18.5,0.125,0.711,0.148,3.0,0.684,3.4110227434593963,-1.5510227434593962,1.5510227434593962
Haywood Highsmith,2022-23,MIA,1752638.0,1.42,bench,0,26.0,54,18.0,0.058,0.517,0.121,1.7,0.431,2.968784203855702,-1.548784203855702,1.548784203855702
Daniel Theis,2018-19,BOS,1378242.0,1.35,bench,1,27.0,66,13.8,0.095,0.624,0.15,2.2,0.549,2.898748647083366,-1.5487486470833658,1.5487486470833658
Cheick Diallo,2018-19,NOP,1544951.0,1.52,bench,0,22.0,64,14.0,0.121,0.644,0.155,2.6,0.62,-0.028671511362456308,1.5486715113624563,1.5486715113624563
Aaron Wiggins,2024-25,OKC,10514017.0,7.48,bench,0,26.0,76,22.9,0.105,0.596,0.2,4.7,0.488,9.018205064217215,-1.5382050642172143,1.5382050642172143
Noah Clowney,2024-25,BRK,3244080.0,2.31,bench,0,20.0,46,22.7,0.061,0.516,0.185,2.9,0.358,0.7723586616469884,1.5376413383530116,1.5376413383530116
Terance Mann,2020-21,LAC,1517984.0,1.39,bench,0,24.0,67,18.9,0.091,0.603,0.144,2.7,0.509,2.923726793765656,-1.5337267937656562,1.5337267937656562
Stephon Castle,2024-25,SAS,9105120.0,6.48,bench,0,20.0,81,26.7,0.087,0.522,0.253,5.2,0.428,4.949805538047129,1.5301944619528713,1.5301944619528713
Cole Anthony,2023-24,ORL,5539771.0,4.07,bench,1,24.0,81,22.4,0.109,0.545,0.232,4.1,0.435,5.598164807602802,-1.5281648076028018,1.5281648076028018
Kentavious Caldwell-Pope,2022-23,DEN,14004703.0,11.33,starter,0,30.0,76,31.3,0.066,0.598,0.136,3.8,0.462,9.812093771502063,1.517906228497937,1.517906228497937
Dennis Schröder,2020-21,LAL,16000000.0,14.66,starter,0,27.0,61,32.1,0.097,0.543,0.227,5.4,0.437,13.142393092896349,1.5176069071036515,1.5176069071036515
Marcin Gortat,2018-19,LAC,13565218.0,13.32,starter,0,35.0,47,16.0,0.097,0.562,0.148,2.1,0.532,11.804068935494314,1.5159310645056863,1.5159310645056863
De'Anthony Melton,2021-22,MEM,8805976.0,7.83,bench,0,24.0,73,22.7,0.103,0.529,0.205,3.8,0.404,6.3162748914851194,1.5137251085148806,1.5137251085148806
Kris Murray,2023-24,POR,2847480.0,2.09,bench,0,23.0,62,21.7,0.059,0.481,0.136,2.3,0.396,0.580097818142862,1.5099021818571379,1.5099021818571379
Jalen Smith,2024-25,CHI,8571429.0,6.1,bench,0,25.0,64,15.0,0.133,0.586,0.201,3.0,0.466,4.590443273202487,1.5095567267975127,1.5095567267975127
Ace Bailey,2025-26,UTA,9069840.0,5.86,bench,0,19.0,72,27.6,0.069,0.533,0.21,5.5,0.443,4.350749584597196,1.5092504154028044,1.5092504154028044
DeAndre Jordan,2021-22,TOT,11109327.0,9.88,starter,0,33.0,48,13.0,0.12,0.641,0.132,1.9,0.643,8.37075543511204,1.509244564887961,1.509244564887961
Marcus Sasser,2023-24,DET,2624040.0,1.93,bench,0,23.0,71,19.0,0.086,0.542,0.195,3.1,0.428,0.42272618062954415,1.5072738193704558,1.5072738193704558
Kyle Anderson,2020-21,MEM,9505100.0,8.71,starter,0,27.0,69,27.4,0.121,0.578,0.181,4.5,0.468,10.21564707483817,-1.5056470748381692,1.5056470748381692
Jeremy Sochan,2023-24,SAS,5316960.0,3.91,bench,0,21.0,74,29.6,0.082,0.513,0.187,4.6,0.438,5.411565519314864,-1.5015655193148643,1.5015655193148643
Derik Queen,2025-26,NOP,5157960.0,3.34,bench,0,21.0,81,25.0,0.109,0.546,0.214,4.4,0.473,4.837613481098142,-1.497613481098142,1.497613481098142
Landry Shamet,2020-21,BRK,2090040.0,1.92,bench,1,24.0,61,23.0,0.063,0.578,0.164,3.0,0.408,3.4151369687377873,-1.4951369687377873,1.4951369687377873
Shabazz Napier,2017-18,POR,2361360.0,2.38,bench,0,26.0,74,20.7,0.099,0.544,0.192,3.0,0.42,3.8717390272581214,-1.4917390272581215,1.4917390272581215
Jordan Clarkson,2018-19,CLE,12500000.0,12.27,starter,0,27.0,81,27.3,0.105,0.539,0.266,6.5,0.448,10.77833099522983,1.49166900477017,1.49166900477017
Dereck Lively,2024-25,DAL,5014560.0,3.57,bench,0,21.0,36,23.1,0.124,0.704,0.132,3.7,0.702,5.0609121034973885,-1.4909121034973887,1.4909121034973887
Goga Bitadze,2024-25,ORL,9057971.0,6.44,bench,0,25.0,70,20.4,0.134,0.631,0.142,3.0,0.611,4.950381266527715,1.4896187334722857,1.4896187334722857
Joe Ingles,2021-22,POR,12436364.0,11.06,starter,0,34.0,45,24.9,0.077,0.551,0.129,2.6,0.404,12.54907717742456,-1.4890771774245604,1.4890771774245604
Naz Reid,2023-24,MIN,12950400.0,9.52,starter,0,24.0,81,24.2,0.115,0.595,0.223,5.0,0.477,8.031141918297992,1.4888580817020074,1.4888580817020074
Derrick White,2025-26,BOS,28100000.0,18.17,star,0,31.0,77,34.1,0.109,0.529,0.216,5.7,0.394,16.681288799411004,1.4887112005889982,1.4887112005889982
Bol Bol,2022-23,ORL,2200000.0,1.78,bench,0,23.0,70,21.5,0.114,0.603,0.177,3.7,0.546,3.2679968779409467,-1.4879968779409467,1.4879968779409467
OG Anunoby,2022-23,TOR,17357143.0,14.04,starter,0,25.0,67,35.6,0.087,0.586,0.192,6.3,0.476,12.552336898288809,1.48766310171119,1.48766310171119
Terrence Shannon Jr.,2025-26,MIN,2674080.0,1.73,bench,0,25.0,43,12.5,0.069,0.597,0.171,1.8,0.45,0.24275703127355164,1.4872429687264483,1.4872429687264483
Kelly Oubre,2021-22,CHO,12000000.0,10.67,starter,0,26.0,76,26.3,0.086,0.56,0.223,5.4,0.44,9.18424080780387,1.485759192196129,1.485759192196129
Gui Santos,2025-26,GSW,2221677.0,1.44,bench,0,23.0,68,20.5,0.097,0.609,0.181,3.4,0.5,2.924330444962303,-1.484330444962303,1.484330444962303
Kentavious Caldwell-Pope,2021-22,WAS,13038862.0,11.6,starter,0,29.0,77,30.2,0.08,0.568,0.185,4.7,0.435,10.120478015842194,1.479521984157806,1.479521984157806
Courtney Lee,2016-17,NYK,11242000.0,11.94,starter,0,31.0,77,31.9,0.077,0.559,0.144,4.2,0.456,10.462308648970659,1.4776913510293408,1.4776913510293408
Jaxson Hayes,2024-25,LAL,2463946.0,1.75,bench,1,25.0,56,19.5,0.097,0.72,0.12,2.9,0.722,3.2276110417674486,-1.4776110417674486,1.4776110417674486
Eric Gordon,2019-20,HOU,14057730.0,12.88,starter,0,31.0,36,28.2,0.056,0.51,0.215,4.8,0.369,14.354570432860399,-1.4745704328603981,1.4745704328603981
Aaron Gordon,2022-23,DEN,19690909.0,15.92,star,0,27.0,68,30.2,0.112,0.617,0.206,6.3,0.564,14.447472364735738,1.472527635264262,1.472527635264262
Nolan Traoré,2025-26,BRK,3811560.0,2.46,bench,0,20.0,56,22.2,0.056,0.479,0.224,3.3,0.38,0.9924738722926325,1.4675261277073675,1.4675261277073675
Ayo Dosunmu,2022-23,CHI,1563518.0,1.26,bench,1,23.0,80,26.2,0.065,0.567,0.145,3.5,0.493,2.7270108376618167,-1.4670108376618167,1.4670108376618167
Cedi Osman,2023-24,SAS,6718842.0,4.94,bench,0,29.0,72,17.6,0.077,0.601,0.146,2.6,0.479,3.4745240352609397,1.4654759647390607,1.4654759647390607
Maxi Kleber,2021-22,DAL,8750000.0,7.78,bench,0,30.0,59,24.6,0.081,0.537,0.131,2.4,0.398,9.244143175870606,-1.464143175870606,1.464143175870606
Vit Krejci,2024-25,ATL,2162606.0,1.54,bench,0,25.0,57,20.2,0.086,0.661,0.131,2.5,0.497,3.0036755219672937,-1.4636755219672937,1.4636755219672937
Jae'Sean Tate,2024-25,HOU,7565217.0,5.38,bench,0,29.0,52,11.3,0.071,0.557,0.126,1.3,0.473,3.91791109742408,1.4620889025759198,1.4620889025759198
Chris Duarte,2022-23,IND,3936960.0,3.18,bench,0,26.0,46,19.5,0.061,0.496,0.181,2.7,0.369,4.640817981721722,-1.4608179817217217,1.4608179817217217
Dwyane Wade,2017-18,TOT,17021382.0,17.19,star,0,36.0,67,22.9,0.104,0.5,0.251,4.5,0.438,15.734649378033296,1.455350621966705,1.455350621966705
Jerryd Bayless,2017-18,PHI,9000000.0,9.09,starter,0,29.0,39,23.7,0.047,0.546,0.146,2.8,0.416,7.634654246652106,1.4553457533478937,1.4553457533478937
OG Anunoby,2018-19,TOR,1952760.0,1.92,bench,0,21.0,67,20.2,0.057,0.544,0.148,2.7,0.453,0.4660247292832804,1.4539752707167195,1.4539752707167195
Cory Joseph,2022-23,DET,5155500.0,4.17,bench,0,31.0,62,19.8,0.087,0.558,0.149,2.4,0.427,5.62244370428655,-1.4524437042865497,1.4524437042865497
Brice Sensabaugh,2024-25,UTA,2571480.0,1.83,bench,0,21.0,71,20.2,0.087,0.612,0.208,3.9,0.459,0.38265738855009745,1.4473426114499026,1.4473426114499026
Juancho Hernangómez,2022-23,TOR,1836090.0,1.48,bench,0,27.0,42,14.6,0.056,0.504,0.092,1.1,0.421,2.9262235942768835,-1.4462235942768835,1.4462235942768835
Seth Curry,2018-19,POR,2795000.0,2.74,bench,1,28.0,74,18.9,0.071,0.595,0.164,2.9,0.456,4.183570713116101,-1.4435707131161006,1.4435707131161006
David Roddy,2022-23,MEM,2588640.0,2.09,bench,0,22.0,70,18.0,0.056,0.519,0.163,2.6,0.429,0.6492174278831153,1.4407825721168845,1.4407825721168845
Trey Lyles,2019-20,SAS,5500000.0,5.04,bench,0,24.0,63,20.2,0.088,0.557,0.136,2.4,0.446,3.6003577187316127,1.4396422812683873,1.4396422812683873
Ivica Zubac,2019-20,LAC,6481482.0,5.94,bench,0,23.0,72,18.4,0.143,0.651,0.163,3.3,0.613,4.503494472306733,1.4365055276932672,1.4365055276932672
Zach LaVine,2021-22,CHI,19500000.0,17.35,star,1,27.0,67,34.7,0.129,0.605,0.284,8.4,0.476,18.78424541695449,-1.4342454169544894,1.4342454169544894
Jeff Green,2023-24,HOU,9600000.0,7.06,bench,0,37.0,78,16.8,0.076,0.59,0.152,2.1,0.456,8.493323434984001,-1.4333234349840014,1.4333234349840014
Moses Moody,2025-26,GSW,11574075.0,7.48,bench,0,24.0,60,25.7,0.083,0.6,0.174,4.1,0.44,6.047476072047956,1.4325239279520448,1.4325239279520448
Derrick Jones,2019-20,MIA,1645357.0,1.51,bench,1,23.0,59,23.3,0.087,0.62,0.135,3.1,0.527,2.942212451343443,-1.432212451343443,1.432212451343443
Jordan McLaughlin,2022-23,MIN,2160000.0,1.75,bench,0,27.0,43,15.8,0.086,0.526,0.112,1.4,0.421,3.1814130258269255,-1.4314130258269255,1.4314130258269255
Lamar Stevens,2022-23,CLE,1782621.0,1.44,bench,1,25.0,62,18.1,0.067,0.524,0.136,2.1,0.448,2.8680013638619672,-1.4280013638619673,1.4280013638619673
Ja'Kobe Walter,2024-25,TOR,3465000.0,2.46,bench,0,20.0,52,21.2,0.068,0.523,0.179,3.1,0.405,1.0329103673057747,1.4270896326942253,1.4270896326942253
Semi Ojeleye,2019-20,BOS,1618520.0,1.48,bench,0,25.0,69,14.6,0.057,0.562,0.094,1.2,0.408,0.053822438159631315,1.4261775618403687,1.4261775618403687
Jeremiah Fears,2025-26,NOP,7520040.0,4.86,bench,0,19.0,82,25.8,0.093,0.525,0.245,5.3,0.434,3.434415831199824,1.4255841688001762,1.4255841688001762
Paolo Banchero,2022-23,ORL,11055120.0,8.94,starter,0,20.0,72,33.7,0.108,0.529,0.272,6.7,0.427,10.363078675445928,-1.4230786754459288,1.4230786754459288
Ben McLemore,2020-21,TOT,2738124.0,2.51,bench,0,28.0,53,17.1,0.053,0.523,0.192,2.5,0.37,3.9323920151461285,-1.4223920151461287,1.4223920151461287
Timothe Luwawu-Cabarrot,2017-18,PHI,1386600.0,1.4,bench,0,23.0,52,15.5,0.041,0.511,0.168,1.9,0.375,-0.019190779297479116,1.419190779297479,1.419190779297479
Kyle O'Quinn,2017-18,NYK,4087500.0,4.13,bench,0,28.0,77,18.0,0.137,0.625,0.168,2.9,0.583,5.54636877088013,-1.4163687708801298,1.4163687708801298
Jabari Smith,2024-25,HOU,9770880.0,6.95,bench,0,22.0,57,30.1,0.093,0.562,0.16,4.4,0.438,8.36440169009777,-1.4144016900977698,1.4144016900977698
Luke Kornet,2022-23,BOS,2133278.0,1.73,bench,0,27.0,69,11.7,0.099,0.697,0.111,1.6,0.665,0.31727844770943764,1.4127215522905623,1.4127215522905623
Kel'el Ware,2024-25,MIA,4231800.0,3.01,bench,0,21.0,64,22.2,0.119,0.603,0.169,4.0,0.554,4.421123197084086,-1.4111231970840858,1.4111231970840858
Tim Frazier,2017-18,WAS,2000000.0,2.02,bench,0,27.0,59,14.2,0.085,0.475,0.125,1.2,0.395,3.4302340518484447,-1.4102340518484446,1.4102340518484446
Cameron Payne,2023-24,TOT,8519706.0,6.26,bench,0,29.0,78,16.7,0.083,0.566,0.185,2.7,0.432,4.853945635405776,1.4060543645942234,1.4060543645942234
Andrew Harrison,2016-17,MEM,945000.0,1.0,bench,1,22.0,72,20.5,0.053,0.477,0.162,1.6,0.325,-0.4053155219812288,1.4053155219812288,1.4053155219812288
Tony Bradley,2019-20,UTA,1962360.0,1.8,bench,1,22.0,58,11.4,0.122,0.681,0.147,2.2,0.667,0.40145556313774183,1.3985444368622582,1.3985444368622582
Jusuf Nurkić,2022-23,POR,15625000.0,12.64,starter,0,28.0,52,26.8,0.119,0.589,0.218,5.0,0.519,14.036624439921324,-1.3966244399213235,1.3966244399213235
Harry Giles,2018-19,SAC,2207040.0,2.17,bench,0,21.0,58,14.1,0.09,0.526,0.227,3.0,0.503,0.7772119956862521,1.392788004313748,1.392788004313748
Bogdan Bogdanović,2022-23,ATL,18000000.0,14.56,starter,0,30.0,54,27.9,0.089,0.586,0.196,5.1,0.447,13.167898346155743,1.3921016538442572,1.3921016538442572
Quincy Acy,2017-18,BRK,1709538.0,1.73,bench,0,27.0,70,19.4,0.058,0.525,0.143,1.9,0.356,3.1200895979351366,-1.3900895979351366,1.3900895979351366
Jerian Grant,2017-18,CHI,1713840.0,1.73,bench,1,25.0,74,22.8,0.095,0.528,0.172,2.8,0.416,3.118600206121325,-1.3886002061213252,1.3886002061213252
Aleksej Pokusevski,2021-22,OKC,3113160.0,2.77,bench,0,20.0,61,20.2,0.095,0.485,0.195,3.0,0.408,1.3818279301752012,1.3881720698247988,1.3881720698247988
De'Andre Hunter,2021-22,ATL,7775400.0,6.92,bench,1,24.0,53,29.8,0.058,0.547,0.194,4.8,0.442,8.30716297887545,-1.38716297887545,1.38716297887545
Derrick Favors,2021-22,OKC,9720900.0,8.65,starter,0,30.0,39,16.7,0.096,0.534,0.131,2.4,0.516,7.264961897932966,1.3850381020670346,1.3850381020670346
Jalen Wilson,2025-26,BRK,2221677.0,1.44,bench,0,25.0,54,15.9,0.061,0.536,0.177,2.0,0.396,0.056536669931107585,1.3834633300688923,1.3834633300688923
Dillon Brooks,2020-21,MEM,11400000.0,10.45,starter,0,25.0,67,29.8,0.066,0.515,0.256,6.4,0.419,11.830016559768712,-1.3800165597687126,1.3800165597687126
Kevon Looney,2020-21,GSW,4821429.0,4.42,bench,0,25.0,61,19.0,0.08,0.575,0.092,1.8,0.548,3.0422249666313697,1.3777750333686303,1.3777750333686303
Skal Labissiere,2017-18,SAC,1312611.0,1.33,bench,0,22.0,60,20.7,0.084,0.513,0.204,3.4,0.448,2.7067218489595843,-1.3767218489595843,1.3767218489595843
Mike Muscala,2017-18,ATL,5000000.0,5.05,bench,0,26.0,53,20.0,0.096,0.597,0.149,2.7,0.458,3.6830482780401566,1.3669517219598433,1.3669517219598433
Jayson Tatum,2024-25,BOS,34848340.0,24.79,star,1,27.0,72,36.4,0.158,0.582,0.301,9.2,0.452,23.423863622194116,1.3661363778058835,1.3661363778058835
Russell Westbrook,2016-17,OKC,26540100.0,28.19,max,0,28.0,81,34.6,0.23,0.554,0.402,10.2,0.425,26.82718043988348,1.3628195601165203,1.3628195601165203
Joe Ingles,2019-20,UTA,11207387.0,10.27,starter,0,32.0,72,29.7,0.096,0.595,0.148,3.4,0.445,11.632638265931218,-1.3626382659312188,1.3626382659312188
Davis Bertans,2017-18,SAS,1312611.0,1.33,bench,0,25.0,77,14.1,0.092,0.588,0.168,2.1,0.44,-0.031084131828939897,1.36108413182894,1.36108413182894
Gary Harris,2024-25,ORL,7500000.0,5.33,bench,0,30.0,48,14.8,0.043,0.524,0.09,1.1,0.383,3.9703657168163606,1.3596342831836394,1.3596342831836394
Moritz Wagner,2019-20,WAS,2063520.0,1.89,bench,0,23.0,45,18.6,0.093,0.638,0.179,3.2,0.545,3.248441918487382,-1.358441918487382,1.358441918487382
Marcus Sasser,2024-25,DET,2755080.0,1.96,bench,0,24.0,57,14.2,0.095,0.589,0.187,2.4,0.463,0.6033973152264244,1.3566026847735757,1.3566026847735757
Domantas Sabonis,2020-21,IND,19800000.0,18.14,star,0,25.0,62,36.0,0.154,0.601,0.239,7.8,0.535,19.491413678765632,-1.3514136787656312,1.3514136787656312
DeAndre' Bembry,2020-21,TOR,1737145.0,1.59,bench,1,26.0,51,19.1,0.079,0.57,0.142,2.3,0.513,2.9391508440078233,-1.3491508440078233,1.3491508440078233
Frank Jackson,2018-19,NOP,1378242.0,1.35,bench,0,21.0,61,19.2,0.059,0.517,0.178,3.2,0.434,0.001345309373851594,1.3486546906261485,1.3486546906261485
RJ Barrett,2024-25,TOR,25794643.0,18.35,star,0,25.0,58,32.2,0.121,0.547,0.281,7.9,0.468,17.005052610689592,1.3449473893104091,1.3449473893104091
Jordan Poole,2020-21,GSW,2063280.0,1.89,bench,0,22.0,51,19.4,0.101,0.581,0.246,4.0,0.432,3.2342990577518784,-1.3442990577518785,1.3442990577518785
T.J. Warren,2018-19,PHO,11750000.0,11.53,starter,0,25.0,43,31.6,0.099,0.58,0.221,6.9,0.486,12.873554703888848,-1.3435547038888487,1.3435547038888487
Bruce Brown,2021-22,BRK,4736102.0,4.21,bench,1,25.0,72,24.6,0.093,0.575,0.146,3.6,0.506,5.552846033653739,-1.3428460336537391,1.3428460336537391
Reggie Bullock,2021-22,DAL,9536000.0,8.48,starter,0,31.0,68,28.0,0.065,0.558,0.128,3.0,0.401,9.816461145177538,-1.3364611451775374,1.3364611451775374
Cedi Osman,2020-21,CLE,8840580.0,8.1,starter,0,26.0,59,25.6,0.073,0.488,0.198,3.7,0.374,6.764301000796279,1.3356989992037205,1.3356989992037205
Maxi Kleber,2022-23,DAL,9000000.0,7.28,bench,1,31.0,37,25.1,0.056,0.592,0.1,2.1,0.456,8.615482580329989,-1.3354825803299883,1.3354825803299883
Nique Clifford,2025-26,SAC,3108120.0,2.01,bench,0,24.0,75,25.1,0.062,0.505,0.167,3.3,0.418,3.3432214889172505,-1.3332214889172507,1.3332214889172507
Klay Thompson,2025-26,DAL,16666667.0,10.78,starter,0,36.0,69,21.7,0.077,0.541,0.214,4.1,0.393,12.112859365227594,-1.3328593652275949,1.3328593652275949
Isaiah Whitehead,2016-17,BRK,1074145.0,1.14,bench,1,22.0,73,22.5,0.052,0.487,0.18,2.8,0.402,-0.19285658148714116,1.3328565814871411,1.3328565814871411
Al Jefferson,2016-17,IND,10230179.0,10.87,starter,0,32.0,66,14.1,0.133,0.526,0.254,3.6,0.499,9.5383337535562,1.331666246443799,1.331666246443799
Omari Spellman,2018-19,ATL,1620480.0,1.59,bench,0,21.0,46,17.5,0.079,0.516,0.146,2.1,0.402,0.26002277563153725,1.3299772243684629,1.3299772243684629
Shaun Livingston,2017-18,GSW,7692308.0,7.77,bench,0,32.0,71,15.9,0.075,0.533,0.165,2.4,0.501,6.4403595941294345,1.329640405870565,1.329640405870565
Mitchell Robinson,2025-26,NYK,12954546.0,8.38,starter,0,28.0,60,19.6,0.124,0.676,0.102,2.5,0.723,7.051171466076541,1.3288285339234598,1.3288285339234598
Cameron Johnson,2024-25,BRK,22500000.0,16.0,star,0,29.0,57,31.6,0.124,0.632,0.224,6.2,0.475,14.671204959955448,1.328795040044552,1.328795040044552
Mouhamed Gueye,2024-25,ATL,1891857.0,1.35,bench,0,22.0,33,16.1,0.085,0.52,0.155,2.2,0.421,2.6785204650450316,-1.3285204650450315,1.3285204650450315
Svi Mykhailiuk,2021-22,TOR,1729217.0,1.54,bench,1,25.0,56,12.8,0.064,0.509,0.161,1.6,0.389,0.214780464926266,1.325219535073734,1.325219535073734
Denzel Valentine,2016-17,CHI,2092200.0,2.22,bench,0,23.0,57,17.1,0.058,0.492,0.153,1.8,0.354,0.894976794852785,1.325023205147215,1.325023205147215
Jerian Grant,2018-19,ORL,2639314.0,2.59,bench,0,26.0,60,15.6,0.076,0.526,0.13,1.5,0.418,1.2663352316427114,1.3236647683572884,1.3236647683572884
John Wall,2018-19,WAS,19169800.0,18.82,star,1,28.0,32,34.5,0.123,0.527,0.286,7.7,0.444,20.13961450869358,-1.3196145086935793,1.3196145086935793
Drew Eubanks,2025-26,SAC,2296274.0,1.48,bench,0,29.0,42,13.1,0.082,0.605,0.161,2.2,0.596,2.7992684866396753,-1.3192684866396753,1.3192684866396753
David Nwaba,2021-22,HOU,4650000.0,4.14,bench,0,29.0,46,13.2,0.099,0.567,0.15,1.8,0.483,2.8221398741921075,1.3178601258078921,1.3178601258078921
Lonzo Ball,2017-18,LAL,6286560.0,6.35,bench,0,20.0,52,34.2,0.098,0.444,0.169,3.9,0.36,7.667036537849524,-1.3170365378495248,1.3170365378495248
Reed Sheppard,2025-26,HOU,10603560.0,6.86,bench,0,21.0,82,26.2,0.102,0.564,0.21,5.0,0.43,5.543321557353222,1.3166784426467784,1.3166784426467784
Tyson Chandler,2017-18,PHO,13000000.0,13.13,starter,0,35.0,46,25.0,0.108,0.658,0.105,2.6,0.647,11.818082483159012,1.311917516840989,1.311917516840989
Desmond Bane,2020-21,MEM,1936440.0,1.77,bench,0,23.0,68,22.3,0.08,0.6,0.155,3.4,0.469,3.0800051438727394,-1.3100051438727394,1.3100051438727394
Marcus Smart,2020-21,BOS,13446428.0,12.32,starter,0,27.0,48,32.9,0.085,0.539,0.179,4.2,0.398,11.010911395351421,1.3090886046485792,1.3090886046485792
Jordan Walsh,2025-26,BOS,2221677.0,1.44,bench,0,22.0,68,17.8,0.08,0.623,0.114,2.0,0.509,0.13178701723019615,1.308212982769804,1.308212982769804
Joe Harris,2018-19,BRK,8333333.0,8.18,starter,0,27.0,76,30.2,0.089,0.645,0.167,4.9,0.5,9.48466714296461,-1.304667142964611,1.304667142964611
Patrick Beverley,2020-21,LAC,13333333.0,12.22,starter,0,32.0,37,22.5,0.066,0.58,0.146,2.5,0.423,10.918291654904216,1.3017083450957845,1.3017083450957845
Anfernee Simons,2023-24,POR,24107143.0,17.72,star,0,25.0,46,34.4,0.111,0.568,0.276,7.8,0.43,16.419184027903757,1.3008159720962418,1.3008159720962418
Ausar Thompson,2025-26,DET,8775000.0,5.67,bench,0,23.0,73,26.0,0.101,0.545,0.168,4.2,0.525,6.969811722161689,-1.2998117221616887,1.2998117221616887
Herbert Jones,2025-26,NOP,13937574.0,9.01,starter,0,27.0,56,28.4,0.053,0.491,0.153,3.3,0.383,7.710832371395138,1.2991676286048621,1.2991676286048621
Alfonzo McKinnie,2018-19,GSW,1349383.0,1.32,bench,1,26.0,72,13.9,0.065,0.569,0.131,1.9,0.487,2.6181602268808084,-1.2981602268808083,1.2981602268808083
Emmanuel Mudiay,2019-20,UTA,1737145.0,1.59,bench,0,24.0,54,15.7,0.095,0.543,0.218,2.8,0.462,2.886323371938996,-1.296323371938996,1.296323371938996
Jordan Poole,2019-20,GSW,1964760.0,1.8,bench,0,21.0,57,22.3,0.051,0.454,0.2,2.9,0.333,0.5037495746089012,1.296250425391099,1.296250425391099
Tony Snell,2016-17,MIL,2368327.0,2.52,bench,1,25.0,80,29.2,0.065,0.603,0.121,3.1,0.455,3.8159355583739663,-1.2959355583739662,1.2959355583739662
Ziaire Williams,2023-24,MEM,4810200.0,3.54,bench,1,22.0,51,20.3,0.074,0.511,0.192,2.9,0.397,2.2453402049708515,1.2946597950291485,1.2946597950291485
David Nwaba,2018-19,CLE,1512601.0,1.48,bench,1,26.0,51,19.3,0.071,0.558,0.141,2.5,0.481,2.772786932044164,-1.292786932044164,1.292786932044164
Bones Hyland,2025-26,MIN,2296274.0,1.48,bench,0,25.0,71,16.6,0.101,0.599,0.197,3.0,0.453,2.771640659921155,-1.2916406599211552,1.2916406599211552
Malik Beasley,2020-21,MIN,13425895.0,12.3,starter,0,24.0,37,32.8,0.101,0.57,0.235,7.1,0.44,13.591350622129346,-1.291350622129345,1.291350622129345
Dewayne Dedmon,2016-17,SAS,2898000.0,3.08,bench,1,27.0,76,17.5,0.124,0.645,0.118,2.1,0.622,4.368405837956928,-1.2884058379569279,1.2884058379569279
Danny Green,2018-19,TOR,10000000.0,9.82,starter,1,32.0,80,27.7,0.079,0.632,0.139,3.7,0.465,11.107972747303434,-1.2879727473034333,1.2879727473034333
Omer Yurtseven,2023-24,UTA,2800000.0,2.06,bench,0,26.0,48,11.4,0.11,0.565,0.173,2.1,0.538,3.3474197932087475,-1.2874197932087474,1.2874197932087474
Kris Dunn,2019-20,CHI,5348007.0,4.9,bench,0,26.0,51,24.9,0.082,0.51,0.145,3.0,0.444,6.176805260876503,-1.276805260876503,1.276805260876503
Julian Champagnie,2024-25,SAS,3000000.0,2.13,bench,0,24.0,82,23.6,0.079,0.577,0.164,3.4,0.415,3.405828780715503,-1.275828780715503,1.275828780715503
Lance Thomas,2016-17,NYK,6191000.0,6.58,bench,0,29.0,46,21.0,0.055,0.516,0.131,2.1,0.398,5.30585205670817,1.2741479432918297,1.2741479432918297
Thaddeus Young,2018-19,IND,13764045.0,13.51,starter,0,31.0,81,30.7,0.104,0.569,0.179,5.5,0.527,14.781038118108722,-1.2710381181087218,1.2710381181087218
Montrezl Harrell,2022-23,PHI,2463490.0,1.99,bench,0,29.0,57,11.9,0.103,0.631,0.178,2.2,0.598,3.258899800941936,-1.2688998009419359,1.2688998009419359
Oshae Brissett,2023-24,BOS,2165000.0,1.59,bench,0,26.0,55,11.5,0.076,0.53,0.136,1.2,0.444,2.856316494392492,-1.2663164943924918,1.2663164943924918
Paul Zipser,2017-18,CHI,1312611.0,1.33,bench,0,24.0,54,15.3,0.042,0.445,0.156,1.5,0.346,0.06603941875303548,1.2639605812469645,1.2639605812469645
John Wall,2016-17,WAS,16957900.0,18.01,star,0,26.0,78,36.4,0.153,0.541,0.299,8.3,0.451,19.270604537217377,-1.2606045372173753,1.2606045372173753
Garrison Mathews,2023-24,ATL,2000000.0,1.47,bench,0,27.0,66,15.0,0.047,0.665,0.11,1.6,0.456,0.21274445628412272,1.2572555437158772,1.2572555437158772
Alex Caruso,2021-22,CHI,8604651.0,7.65,bench,0,28.0,41,28.0,0.077,0.528,0.13,2.5,0.398,8.904546471630233,-1.254546471630233,1.254546471630233
Cody Zeller,2016-17,CHO,5318313.0,5.65,bench,1,24.0,62,27.8,0.096,0.604,0.153,4.1,0.571,6.9024307550892665,-1.2524307550892662,1.2524307550892662
Will Barton,2020-21,DEN,13723214.0,12.57,starter,0,30.0,56,31.0,0.076,0.538,0.187,4.6,0.426,13.820955659505866,-1.2509556595058662,1.2509556595058662
LaMarcus Aldridge,2019-20,SAS,26000000.0,23.82,star,0,34.0,53,33.1,0.12,0.571,0.236,7.4,0.493,22.56943702293324,1.2505629770667603,1.2505629770667603
Aaron Wiggins,2025-26,OKC,10102803.0,6.53,bench,0,27.0,65,21.8,0.082,0.538,0.194,3.6,0.431,7.77950595106132,-1.2495059510613196,1.2495059510613196
Andrew Harrison,2017-18,MEM,1312611.0,1.33,bench,0,23.0,56,23.7,0.083,0.534,0.195,3.2,0.422,2.578398487256755,-1.2483984872567548,1.2483984872567548
Boris Diaw,2016-17,UTA,7000000.0,7.44,bench,0,35.0,73,17.6,0.071,0.494,0.154,2.0,0.446,8.688081474658237,-1.2480814746582363,1.2480814746582363
Walker Kessler,2023-24,UTA,2831160.0,2.08,bench,0,22.0,64,23.3,0.109,0.663,0.127,3.6,0.654,3.3263238317081236,-1.2463238317081236,1.2463238317081236
Steven Adams,2024-25,HOU,12600000.0,8.96,starter,0,31.0,58,13.7,0.109,0.541,0.127,1.6,0.545,7.7171353744775075,1.2428646255224933,1.2428646255224933
Coby White,2021-22,CHI,5837760.0,5.19,bench,1,22.0,61,27.5,0.08,0.564,0.195,4.6,0.433,6.428606859092097,-1.238606859092097,1.238606859092097
Nick Richards,2022-23,CHO,1782621.0,1.44,bench,1,25.0,65,18.7,0.12,0.676,0.151,3.0,0.629,2.67327848463675,-1.2332784846367502,1.2332784846367502
Kris Murray,2025-26,POR,3132000.0,2.03,bench,0,25.0,57,23.4,0.063,0.55,0.103,2.3,0.467,3.259832112581317,-1.2298321125813172,1.2298321125813172
Aaron Holiday,2020-21,IND,2345640.0,2.15,bench,1,24.0,66,17.8,0.057,0.503,0.189,2.6,0.39,0.921657125613603,1.2283428743863969,1.2283428743863969
De'Aaron Fox,2017-18,SAC,4609200.0,4.65,bench,0,20.0,73,27.7,0.074,0.478,0.227,4.5,0.412,3.434612289738237,1.2153877102617634,1.2153877102617634
Cam Whitmore,2024-25,HOU,3379080.0,2.4,bench,0,20.0,51,16.2,0.108,0.549,0.231,3.5,0.444,1.1856512921570928,1.2143487078429072,1.2143487078429072
Armoni Brooks,2021-22,TOT,1910221.0,1.7,bench,0,24.0,54,15.6,0.054,0.483,0.159,1.8,0.339,0.48762342492308236,1.2123765750769175,1.2123765750769175
Wayne Selden,2017-18,MEM,1312611.0,1.33,bench,0,23.0,35,19.8,0.072,0.551,0.212,3.3,0.431,2.5399898952388655,-1.2099898952388655,1.2099898952388655
Luke Kornet,2018-19,NYK,1619260.0,1.59,bench,1,23.0,46,17.0,0.093,0.531,0.178,2.3,0.378,0.38087439283648844,1.2091256071635117,1.2091256071635117
Jerami Grant,2019-20,DEN,9346153.0,8.56,starter,1,26.0,71,26.6,0.083,0.591,0.177,4.3,0.478,7.352998573067027,1.2070014269329734,1.2070014269329734
John Konchar,2021-22,MEM,2200000.0,1.96,bench,0,26.0,72,17.9,0.102,0.615,0.097,1.9,0.515,3.1637852055469775,-1.2037852055469775,1.2037852055469775
Manu Ginobili,2016-17,SAS,14000000.0,14.87,starter,0,39.0,69,18.7,0.087,0.532,0.188,2.5,0.39,13.6675266977312,1.2024733022687997,1.2024733022687997
Nik Stauskas,2016-17,PHI,2993040.0,3.18,bench,1,23.0,80,27.3,0.067,0.54,0.161,3.1,0.396,1.980306478038323,1.1996935219616771,1.1996935219616771
Danny Wolf,2025-26,BRK,2801280.0,1.81,bench,0,22.0,57,20.8,0.096,0.521,0.201,3.1,0.405,3.0088375167727595,-1.1988375167727594,1.1988375167727594
Abdel Nader,2017-18,BOS,1167333.0,1.18,bench,0,24.0,48,10.9,0.033,0.439,0.162,1.0,0.336,-0.01825186256137308,1.198251862561373,1.198251862561373
Franz Wagner,2021-22,ORL,5007840.0,4.45,bench,0,20.0,79,30.7,0.102,0.559,0.208,5.8,0.468,5.644755152630198,-1.194755152630198,1.194755152630198
Kyle Anderson,2023-24,MIN,9219512.0,6.78,bench,0,30.0,79,22.6,0.097,0.513,0.14,2.5,0.46,7.972618892967218,-1.192618892967218,1.192618892967218
Saddiq Bey,2020-21,DET,2689920.0,2.46,bench,0,22.0,70,27.3,0.092,0.567,0.182,4.0,0.404,3.6516419363171946,-1.1916419363171946,1.1916419363171946
Grayson Allen,2019-20,MEM,2277563.0,2.09,bench,0,24.0,38,18.9,0.083,0.609,0.171,3.1,0.466,3.2807516774340066,-1.1907516774340068,1.1907516774340068
Tomas Satoransky,2017-18,WAS,3000000.0,3.03,bench,0,26.0,73,22.5,0.106,0.615,0.134,2.8,0.523,4.217180711143844,-1.1871807111438444,1.1871807111438444
Tarik Black,2017-18,HOU,3290000.0,3.32,bench,0,26.0,51,10.5,0.073,0.582,0.147,1.5,0.591,2.13982901463629,1.1801709853637097,1.1801709853637097
Juan Hernangómez,2018-19,DEN,2166360.0,2.13,bench,0,23.0,70,19.4,0.076,0.58,0.119,2.0,0.439,0.949896332638332,1.180103667361668,1.180103667361668
Eric Paschall,2021-22,UTA,1782621.0,1.59,bench,0,25.0,58,12.7,0.085,0.612,0.174,2.0,0.485,0.41389666804263137,1.1761033319573686,1.1761033319573686
Justin Anderson,2017-18,PHI,1579440.0,1.59,bench,1,24.0,38,13.7,0.087,0.54,0.188,2.3,0.431,2.765851063947665,-1.175851063947665,1.175851063947665
Christian Wood,2022-23,DAL,14317459.0,11.58,starter,0,27.0,67,25.9,0.144,0.624,0.259,5.9,0.515,12.752021221538604,-1.1720212215386034,1.1720212215386034
Wesley Johnson,2017-18,LAC,5881260.0,5.94,bench,0,30.0,74,20.1,0.058,0.512,0.126,2.0,0.408,4.770409785769634,1.1695902142303662,1.1695902142303662
Ivica Zubac,2020-21,LAC,7000000.0,6.41,bench,0,24.0,72,22.3,0.117,0.693,0.147,3.6,0.652,5.241816011452823,1.1681839885471774,1.1681839885471774
Naz Reid,2021-22,MIN,1782621.0,1.59,bench,0,22.0,77,15.8,0.103,0.588,0.209,3.0,0.489,0.4227869630433242,1.1672130369566758,1.1672130369566758
Jaden McDaniels,2021-22,MIN,2063280.0,1.84,bench,0,21.0,70,25.8,0.061,0.553,0.149,3.6,0.46,3.0065375169448982,-1.1665375169448982,1.1665375169448982
Andrew Bogut,2016-17,TOT,11269251.0,11.97,starter,0,32.0,27,21.6,0.092,0.46,0.104,1.4,0.469,10.803979227300138,1.1660207726998628,1.1660207726998628
Jake LaRavia,2023-24,MEM,3199920.0,2.35,bench,0,22.0,35,23.0,0.083,0.54,0.201,3.4,0.389,3.5148699930009433,-1.1648699930009432,1.1648699930009432
Nikola Jokić,2020-21,DEN,29542010.0,27.07,max,0,26.0,72,34.6,0.201,0.647,0.293,10.2,0.566,25.905661006259855,1.1643389937401452,1.1643389937401452
Jordan Bell,2018-19,GSW,1378242.0,1.35,bench,1,24.0,68,11.6,0.083,0.531,0.133,1.5,0.516,0.18638044365933515,1.1636195563406648,1.1636195563406648
Jakob Poeltl,2019-20,SAS,3754886.0,3.44,bench,1,24.0,66,17.7,0.107,0.612,0.125,2.5,0.624,2.2799797198215512,1.1600202801784487,1.1600202801784487
Bogdan Bogdanović,2018-19,SAC,9000000.0,8.83,starter,0,26.0,70,27.8,0.099,0.53,0.22,5.2,0.418,9.988748345158694,-1.1587483451586937,1.1587483451586937
Scoot Henderson,2023-24,POR,9770880.0,7.18,bench,0,20.0,62,28.5,0.067,0.489,0.26,5.0,0.385,6.021678630594673,1.1583213694053267,1.1583213694053267
Tobias Harris,2025-26,DET,26634146.0,17.22,star,0,33.0,63,27.7,0.112,0.574,0.181,4.9,0.469,16.064122008924077,1.155877991075922,1.155877991075922
Dalano Banton,2024-25,POR,2196970.0,1.56,bench,0,25.0,67,16.7,0.089,0.497,0.237,3.0,0.391,2.7151136936183917,-1.1551136936183917,1.1551136936183917
Sterling Brown,2021-22,DAL,3000000.0,2.67,bench,0,27.0,49,12.8,0.073,0.495,0.124,1.2,0.381,3.824391939345152,-1.1543919393451523,1.1543919393451523
Joe Ingles,2023-24,ORL,11000000.0,8.09,starter,0,36.0,68,17.2,0.081,0.612,0.111,1.5,0.436,9.233380167187022,-1.143380167187022,1.143380167187022
Craig Porter,2024-25,CLE,1891857.0,1.35,bench,0,25.0,51,10.1,0.091,0.61,0.155,1.4,0.514,0.20913982419895966,1.1408601758010404,1.1408601758010404
Dillon Jones,2024-25,OKC,2622360.0,1.87,bench,0,23.0,54,10.2,0.066,0.464,0.131,0.9,0.383,0.7307953939826842,1.1392046060173158,1.1392046060173158
Frank Kaminsky,2018-19,CHO,3627842.0,3.56,bench,1,26.0,47,16.1,0.106,0.587,0.216,2.9,0.463,4.691726406690726,-1.1317264066907256,1.1317264066907256
Klay Thompson,2018-19,GSW,18988725.0,18.64,star,1,29.0,78,34.0,0.103,0.571,0.254,8.4,0.467,19.764091604124516,-1.1240916041245157,1.1240916041245157
Cameron Johnson,2025-26,DEN,21057065.0,13.62,starter,0,30.0,54,30.5,0.075,0.629,0.144,4.2,0.48,12.49590847343336,1.1240915265666391,1.1240915265666391
Shane Larkin,2017-18,BOS,1471382.0,1.49,bench,0,25.0,54,14.3,0.084,0.491,0.153,1.6,0.384,2.604294809935596,-1.1142948099355958,1.1142948099355958
Dejounte Murray,2020-21,SAS,14286000.0,13.09,starter,0,24.0,67,31.9,0.124,0.509,0.231,6.6,0.453,14.203060836413487,-1.1130608364134869,1.1130608364134869
Quincy Acy,2016-17,TOT,2965505.0,3.15,bench,0,26.0,38,14.7,0.083,0.565,0.165,1.8,0.412,2.037620754867368,1.1123792451326318,1.1123792451326318
Shake Milton,2023-24,TOT,5475908.0,4.03,bench,0,27.0,48,12.1,0.065,0.499,0.173,1.6,0.405,2.919736641962252,1.1102633580377481,1.1102633580377481
Luke Babbitt,2016-17,MIA,1227000.0,1.3,bench,1,28.0,68,15.7,0.054,0.563,0.13,1.7,0.402,2.4096382938518,-1.1096382938518,1.1096382938518
Thaddeus Young,2017-18,IND,14796348.0,14.94,starter,0,30.0,81,32.2,0.09,0.528,0.171,5.2,0.487,13.830675521843512,1.1093244781564877,1.1093244781564877
Ryan Dunn,2024-25,PHO,2530800.0,1.8,bench,0,22.0,74,19.1,0.059,0.517,0.161,2.8,0.43,0.6972006723201009,1.1027993276798993,1.1027993276798993
Goran Dragić,2018-19,MIA,18109175.0,17.78,star,0,33.0,36,27.5,0.096,0.517,0.224,5.0,0.413,16.679835383408538,1.1001646165914636,1.1001646165914636
Terrence Ross,2019-20,ORL,12500000.0,11.45,starter,0,29.0,69,27.4,0.095,0.548,0.216,4.9,0.403,10.351187956574105,1.0988120434258946,1.0988120434258946
Dario Šarić,2020-21,PHO,9250000.0,8.48,starter,0,27.0,50,17.4,0.094,0.567,0.218,3.1,0.447,7.382909834769355,1.0970901652306457,1.0970901652306457
Wayne Ellington,2019-20,NYK,8000000.0,7.33,bench,0,32.0,36,15.5,0.068,0.509,0.146,1.7,0.351,6.234580566281504,1.0954194337184964,1.0954194337184964
Trey Murphy III,2025-26,NOP,25000000.0,16.17,star,0,25.0,66,35.5,0.122,0.613,0.223,7.5,0.47,15.077824942298399,1.0921750577016027,1.0921750577016027
Ian Clark,2016-17,GSW,1015696.0,1.08,bench,1,26.0,77,14.8,0.092,0.575,0.192,2.7,0.487,2.170147221547068,-1.0901472215470678,1.0901472215470678
Alexis Ajinca,2016-17,NOP,4600000.0,4.89,bench,0,29.0,39,15.0,0.088,0.529,0.166,2.3,0.5,5.978189783255356,-1.0881897832553564,1.0881897832553564
Simone Fontecchio,2025-26,MIA,8307692.0,5.37,bench,0,30.0,70,16.7,0.09,0.579,0.184,2.8,0.412,6.4507201646184615,-1.0807201646184614,1.0807201646184614
Alec Burks,2021-22,NYK,9536000.0,8.48,starter,0,30.0,81,28.6,0.099,0.559,0.171,3.5,0.391,9.557099042968801,-1.0770990429688005,1.0770990429688005
Alec Burks,2022-23,DET,10012800.0,8.1,starter,0,31.0,51,22.0,0.109,0.602,0.218,3.9,0.436,9.174679571736965,-1.074679571736965,1.074679571736965
Marcus Smart,2021-22,BOS,13839285.0,12.31,starter,1,28.0,71,32.3,0.095,0.54,0.179,4.2,0.418,11.240487013382552,1.0695129866174486,1.0695129866174486
Derrick White,2023-24,BOS,18357143.0,13.5,starter,0,29.0,73,32.6,0.106,0.611,0.183,5.3,0.461,14.564737150893162,-1.064737150893162,1.064737150893162
Emmanuel Mudiay,2016-17,DEN,3241800.0,3.44,bench,0,21.0,55,25.6,0.074,0.483,0.222,3.8,0.377,4.503315366651573,-1.063315366651573,1.063315366651573
Skal Labissiere,2016-17,SAC,1188840.0,1.26,bench,0,21.0,33,18.5,0.106,0.577,0.209,3.5,0.537,2.3224883294209677,-1.0624883294209677,1.0624883294209677
Kelly Oubre,2020-21,GSW,14375000.0,13.17,starter,0,25.0,55,30.7,0.09,0.529,0.215,5.8,0.439,12.123337190251073,1.046662809748927,1.046662809748927
Cedi Osman,2021-22,CLE,8133334.0,7.24,bench,0,27.0,66,22.1,0.081,0.563,0.206,3.7,0.432,6.195907116121038,1.044092883878962,1.044092883878962
Malaki Branham,2022-23,SAS,2925600.0,2.37,bench,0,20.0,66,23.5,0.065,0.524,0.188,4.1,0.44,1.3259467179029796,1.0440532820970205,1.0440532820970205
Wayne Ellington,2018-19,TOT,8653076.0,8.49,starter,0,31.0,53,24.5,0.075,0.569,0.167,3.5,0.403,9.532600706870726,-1.0426007068707257,1.0426007068707257
Eric Gordon,2020-21,HOU,16869276.0,15.46,star,0,32.0,27,29.2,0.097,0.577,0.246,5.9,0.433,16.497916824426483,-1.0379168244264818,1.0379168244264818
Aaron Holiday,2022-23,ATL,1836090.0,1.48,bench,0,26.0,63,13.4,0.054,0.528,0.129,1.5,0.418,0.44370291598180817,1.0362970840181918,1.0362970840181918
Kyrie Irving,2018-19,BOS,20099189.0,19.73,star,1,27.0,67,33.0,0.157,0.592,0.286,9.0,0.487,20.757300931029267,-1.0273009310292665,1.0273009310292665
Edmond Sumner,2022-23,BRK,1968175.0,1.59,bench,0,27.0,53,13.9,0.088,0.597,0.209,2.3,0.461,2.6122130581806466,-1.0222130581806466,1.0222130581806466
Justin Jackson,2019-20,DAL,3280920.0,3.01,bench,1,25.0,65,16.1,0.061,0.496,0.15,2.1,0.396,1.9888402539403038,1.021159746059696,1.021159746059696
Bilal Coulibaly,2025-26,WAS,7275600.0,4.7,bench,0,21.0,56,26.2,0.082,0.531,0.193,4.1,0.425,3.682030552773692,1.0179694472263083,1.0179694472263083
Luke Kennard,2024-25,MEM,9250000.0,6.58,bench,0,29.0,65,22.6,0.093,0.631,0.14,3.2,0.478,7.597444602918778,-1.0174446029187783,1.0174446029187783
Jaylin Williams,2023-24,OKC,2000000.0,1.47,bench,0,22.0,69,13.0,0.096,0.561,0.133,1.4,0.417,0.4543973309017848,1.0156026690982152,1.0156026690982152
Chris Duarte,2023-24,SAC,4124400.0,3.03,bench,1,27.0,59,12.2,0.052,0.512,0.146,1.4,0.381,2.014893123237562,1.0151068767624376,1.0151068767624376
Anthony Tolliver,2018-19,MIN,5750000.0,5.64,bench,0,34.0,65,16.6,0.064,0.571,0.121,1.5,0.382,6.654600048872549,-1.0146000488725493,1.0146000488725493
Santi Aldama,2022-23,MEM,2094120.0,1.69,bench,0,22.0,77,21.8,0.093,0.591,0.157,3.2,0.47,2.702044076311658,-1.0120440763116583,1.0120440763116583
Pat Connaughton,2017-18,POR,1471382.0,1.49,bench,0,25.0,82,18.1,0.058,0.539,0.128,2.0,0.423,0.47868001005014077,1.0113199899498593,1.0113199899498593
Gary Trent,2019-20,POR,1416852.0,1.3,bench,0,21.0,61,21.8,0.069,0.587,0.15,3.2,0.444,0.2899945643849586,1.0100054356150414,1.0100054356150414
Wendell Carter,2024-25,ORL,11950000.0,8.5,starter,0,26.0,68,25.9,0.099,0.544,0.159,3.3,0.46,7.491752829945983,1.008247170054017,1.008247170054017
Austin Rivers,2017-18,LAC,11825000.0,11.94,starter,0,25.0,61,33.7,0.073,0.526,0.206,5.6,0.424,10.941835328944897,0.9981646710551022,0.9981646710551022
Danuel House,2022-23,PHI,4105000.0,3.32,bench,0,30.0,56,14.4,0.061,0.6,0.133,1.7,0.472,4.317338887993175,-0.9973388879931755,0.9973388879931755
Max Christie,2025-26,DAL,7714286.0,4.99,bench,0,23.0,77,29.1,0.079,0.601,0.162,4.2,0.441,3.9953611993087494,0.9946388006912508,0.9946388006912508
Tim Hardaway,2024-25,DET,16193183.0,11.52,starter,0,33.0,77,28.0,0.066,0.567,0.151,3.6,0.406,10.525547609989555,0.9944523900104443,0.9944523900104443
Bruno Fernando,2023-24,ATL,2581522.0,1.9,bench,0,25.0,45,15.2,0.096,0.615,0.172,2.4,0.583,2.894449619626224,-0.994449619626224,0.994449619626224
Malachi Flynn,2021-22,TOR,2048040.0,1.82,bench,0,24.0,44,12.2,0.074,0.488,0.157,1.6,0.393,0.8259325938556535,0.9940674061443465,0.9940674061443465
Daniel Gafford,2024-25,DAL,13394160.0,9.53,starter,0,26.0,57,21.5,0.141,0.716,0.186,5.0,0.702,8.53595646498955,0.9940435350104497,0.9940435350104497
Daniel Gafford,2021-22,WAS,1782621.0,1.59,bench,0,23.0,72,20.1,0.122,0.708,0.16,4.0,0.693,2.5837452263113856,-0.9937452263113855,0.9937452263113855
Domantas Sabonis,2023-24,SAC,30600000.0,22.5,star,1,28.0,82,35.7,0.169,0.637,0.22,7.7,0.594,21.50680762566423,0.99319237433577,0.99319237433577
Paul Reed,2023-24,PHI,7723000.0,5.68,bench,0,25.0,82,19.4,0.104,0.58,0.156,3.2,0.54,4.693087598076566,0.9869124019234334,0.9869124019234334
Mitchell Robinson,2019-20,NYK,1559712.0,1.43,bench,0,22.0,61,23.2,0.129,0.726,0.129,4.1,0.742,2.416822383682675,-0.9868223836826753,0.9868223836826753
Jonathan Mogbo,2024-25,TOR,1862265.0,1.32,bench,0,23.0,63,20.4,0.083,0.496,0.145,2.5,0.438,2.3067786380820126,-0.9867786380820125,0.9867786380820125
Kelly Oubre,2019-20,PHO,15625000.0,14.32,starter,0,24.0,56,34.5,0.097,0.56,0.219,6.7,0.452,13.334372211007832,0.9856277889921685,0.9856277889921685
Malcolm Brogdon,2020-21,IND,20700000.0,18.97,star,0,28.0,56,34.5,0.128,0.561,0.257,7.9,0.453,19.955210743281565,-0.9852107432815664,0.9852107432815664
Will Barton,2018-19,DEN,11830358.0,11.61,starter,0,28.0,43,27.7,0.08,0.501,0.195,4.3,0.402,12.59471881542422,-0.9847188154242197,0.9847188154242197
Bogdan Bogdanović,2023-24,ATL,18700000.0,13.75,starter,0,31.0,79,30.4,0.092,0.569,0.218,6.0,0.428,14.733243157117832,-0.9832431571178315,0.9832431571178315
Corey Kispert,2022-23,WAS,3552840.0,2.87,bench,0,24.0,74,28.3,0.073,0.657,0.139,3.9,0.497,3.8500294819384155,-0.9800294819384154,0.9800294819384154
Aaron Holiday,2024-25,HOU,4668000.0,3.32,bench,0,28.0,62,12.8,0.082,0.594,0.162,1.9,0.437,2.3423884749893187,0.9776115250106812,0.9776115250106812
Duncan Robinson,2025-26,DET,16834692.0,10.89,starter,0,32.0,77,27.4,0.078,0.629,0.152,4.1,0.456,11.864677245748345,-0.9746772457483441,0.9746772457483441
Gary Trent Jr.,2025-26,MIL,3697105.0,2.39,bench,0,27.0,65,21.2,0.047,0.533,0.167,2.8,0.387,3.364160530125165,-0.974160530125165,0.974160530125165
Edmond Sumner,2020-21,IND,2160000.0,1.98,bench,0,25.0,53,16.2,0.072,0.626,0.176,2.8,0.525,1.0059138626497464,0.9740861373502536,0.9740861373502536
Josh Okogie,2023-24,PHO,2815937.0,2.07,bench,1,25.0,60,16.0,0.068,0.552,0.125,1.4,0.417,1.098282937045051,0.9717170629549488,0.9717170629549488
Killian Hayes,2022-23,DET,5837760.0,4.72,bench,1,21.0,76,28.3,0.075,0.455,0.201,4.0,0.377,3.751456663118268,0.9685433368817318,0.9685433368817318
Jimmy Butler,2017-18,MIN,19301070.0,19.49,star,0,28.0,59,36.7,0.151,0.59,0.245,7.4,0.474,18.5219644190438,0.9680355809561974,0.9680355809561974
Devin Vassell,2021-22,SAS,4235160.0,3.77,bench,0,21.0,71,27.3,0.087,0.54,0.184,4.6,0.427,4.734132740480961,-0.9641327404809608,0.9641327404809608
Nikola Vučević,2021-22,CHI,24000000.0,21.35,star,0,31.0,73,33.1,0.132,0.533,0.244,7.5,0.473,22.30945672430938,-0.9594567243093799,0.9594567243093799
Damyean Dotson,2019-20,NYK,1618520.0,1.48,bench,1,26.0,48,17.4,0.079,0.527,0.158,2.5,0.414,2.4385197188719125,-0.9585197188719126,0.9585197188719126
Devin Carter,2025-26,SAC,4923720.0,3.18,bench,0,24.0,38,18.4,0.094,0.508,0.226,3.2,0.414,4.136771749586643,-0.9567717495866428,0.9567717495866428
Patrick Beverley,2019-20,LAC,12345679.0,11.31,starter,0,31.0,51,26.3,0.088,0.56,0.131,2.9,0.431,12.265252991384042,-0.9552529913840413,0.9552529913840413
Julian Strawther,2024-25,DEN,2552520.0,1.82,bench,0,23.0,65,21.3,0.057,0.559,0.173,3.2,0.432,2.7731710126499283,-0.9531710126499282,0.9531710126499282
Anthony Davis,2017-18,NOP,23775506.0,24.01,star,0,25.0,75,36.4,0.188,0.612,0.291,10.4,0.534,23.05690928972612,0.9530907102738801,0.9530907102738801
Ante Žižić,2018-19,CLE,1952760.0,1.92,bench,0,22.0,59,18.3,0.103,0.59,0.178,3.1,0.553,0.9672847077452463,0.9527152922547536,0.9527152922547536
Brook Lopez,2024-25,MIL,23000000.0,16.36,star,0,37.0,80,31.8,0.087,0.624,0.157,4.9,0.509,17.308872993940085,-0.9488729939400855,0.9488729939400855
Jevon Carter,2019-20,PHO,1416852.0,1.3,bench,1,24.0,58,16.3,0.073,0.563,0.127,1.7,0.416,0.35328221060279047,0.9467177893972096,0.9467177893972096
Bryn Forbes,2017-18,SAS,1312611.0,1.33,bench,1,24.0,80,19.0,0.055,0.525,0.159,2.6,0.421,0.3842265270029725,0.9457734729970275,0.9457734729970275
Kyle Anderson,2018-19,MEM,8641000.0,8.48,starter,0,25.0,43,29.8,0.099,0.569,0.127,3.5,0.543,7.5389432362667375,0.941056763733263,0.941056763733263
Gary Payton,2024-25,GSW,9130000.0,6.49,bench,0,32.0,62,15.0,0.104,0.635,0.156,2.8,0.574,7.429657638166264,-0.9396576381662634,0.9396576381662634
Maxi Kleber,2020-21,DAL,8325000.0,7.63,bench,0,29.0,50,26.8,0.073,0.606,0.103,2.3,0.422,8.568577982411403,-0.9385779824114033,0.9385779824114033
Haywood Highsmith,2024-25,MIA,5200000.0,3.7,bench,1,28.0,74,24.6,0.057,0.583,0.111,2.4,0.458,4.637644054564892,-0.9376440545648919,0.9376440545648919
Dwight Powell,2023-24,DAL,4000000.0,2.94,bench,0,32.0,63,13.3,0.079,0.716,0.087,1.1,0.679,3.875761517029004,-0.9357615170290039,0.9357615170290039
Jahlil Okafor,2018-19,NOP,1567007.0,1.54,bench,0,23.0,59,15.8,0.115,0.603,0.198,3.6,0.586,2.4734284741596935,-0.9334284741596934,0.9334284741596934
Joe Johnson,2016-17,UTA,11000000.0,11.68,starter,0,36.0,78,23.6,0.095,0.542,0.181,3.5,0.436,12.608440112471706,-0.9284401124717068,0.9284401124717068
Jarred Vanderbilt,2023-24,LAL,4698000.0,3.45,bench,1,25.0,29,20.0,0.077,0.578,0.111,2.0,0.518,4.375887891676057,-0.9258878916760569,0.9258878916760569
Raul Neto,2019-20,PHI,1737145.0,1.59,bench,0,28.0,54,12.4,0.094,0.567,0.181,1.9,0.455,2.515774872242538,-0.9257748722425381,0.9257748722425381
Cam Thomas,2025-26,TOT,6837779.0,4.42,bench,0,24.0,42,21.0,0.089,0.53,0.295,4.5,0.41,5.343713421261106,-0.9237134212611062,0.9237134212611062
Jamal Shead,2024-25,TOR,1862265.0,1.32,bench,0,22.0,75,19.6,0.07,0.499,0.179,2.7,0.405,0.39661308909729,0.9233869109027101,0.9233869109027101
Andre Iguodala,2016-17,GSW,11131368.0,11.82,starter,1,33.0,76,26.3,0.102,0.624,0.111,2.9,0.528,10.899517819897723,0.9204821801022778,0.9204821801022778
Khris Middleton,2017-18,MIL,14100000.0,14.24,starter,0,26.0,82,36.4,0.114,0.577,0.239,7.2,0.466,15.15739640895351,-0.9173964089535094,0.9173964089535094
Michael Porter,2019-20,DEN,3389400.0,3.11,bench,0,22.0,55,16.4,0.123,0.617,0.211,3.5,0.509,4.0256339187746,-0.9156339187746005,0.9156339187746005
Day'Ron Sharpe,2025-26,BRK,6250000.0,4.04,bench,0,24.0,62,18.7,0.141,0.638,0.19,3.5,0.601,4.954876880896754,-0.9148768808967542,0.9148768808967542
Nikola Jokić,2022-23,DEN,33047803.0,26.73,max,1,28.0,69,33.7,0.211,0.701,0.263,9.4,0.632,25.81591518317184,0.9140848168281615,0.9140848168281615
Norman Powell,2022-23,LAC,16758621.0,13.55,starter,0,30.0,60,26.1,0.11,0.612,0.251,5.7,0.479,12.640778271883475,0.9092217281165258,0.9092217281165258
Drew Eubanks,2020-21,SAS,1620564.0,1.48,bench,1,24.0,54,14.0,0.115,0.618,0.166,2.1,0.566,0.5721400349018148,0.9078599650981852,0.9078599650981852
Ivica Zubac,2022-23,LAC,10123457.0,8.19,starter,0,26.0,76,28.5,0.109,0.661,0.149,4.3,0.634,9.096805955483141,-0.9068059554831418,0.9068059554831418
Brice Sensabaugh,2023-24,UTA,2448600.0,1.8,bench,0,20.0,32,18.3,0.065,0.511,0.201,2.7,0.39,0.8965258773870339,0.9034741226129661,0.9034741226129661
Garrison Mathews,2021-22,HOU,2000000.0,1.78,bench,0,25.0,65,26.3,0.061,0.602,0.137,2.8,0.399,2.6813611427313546,-0.9013611427313546,0.9013611427313546
Max Strus,2023-24,CLE,14487684.0,10.65,starter,0,28.0,70,32.0,0.081,0.553,0.167,4.3,0.418,11.549990079971803,-0.8999900799718024,0.8999900799718024
Wendell Carter,2023-24,ORL,13050000.0,9.59,starter,0,25.0,55,25.6,0.113,0.623,0.172,4.1,0.525,8.691279911885209,0.898720088114791,0.898720088114791
Anthony Tolliver,2016-17,SAC,8000000.0,8.5,starter,0,32.0,65,22.7,0.073,0.595,0.133,2.4,0.442,7.601514120527972,0.8984858794720276,0.8984858794720276
Amir Coffey,2023-24,LAC,3666667.0,2.7,bench,0,27.0,70,20.9,0.059,0.604,0.119,2.4,0.472,3.5958011184484535,-0.8958011184484533,0.8958011184484533
Sam Hauser,2025-26,BOS,10044644.0,6.5,bench,0,28.0,78,24.8,0.08,0.59,0.141,3.2,0.419,7.392644972880706,-0.8926449728807064,0.8926449728807064
Jaylin Williams,2025-26,OKC,8450704.0,5.46,bench,0,23.0,65,19.7,0.115,0.597,0.153,2.3,0.423,4.575898848509828,0.8841011514901718,0.8841011514901718
D.J. Augustin,2021-22,TOT,7622467.0,6.78,bench,0,34.0,55,16.1,0.071,0.61,0.139,1.7,0.423,5.89995434462218,0.8800456553778204,0.8800456553778204
D.J. Augustin,2017-18,ORL,7250000.0,7.32,bench,0,30.0,75,23.5,0.107,0.615,0.182,3.3,0.452,6.44203932415532,0.8779606758446805,0.8779606758446805
Malcolm Delaney,2016-17,ATL,2500000.0,2.66,bench,0,28.0,73,17.1,0.064,0.456,0.181,2.0,0.374,3.5378200533894626,-0.8778200533894625,0.8778200533894625
Drew Eubanks,2022-23,POR,1836090.0,1.48,bench,1,26.0,78,20.3,0.098,0.666,0.122,2.7,0.641,2.356750996291365,-0.8767509962913649,0.8767509962913649
Terry Rozier,2021-22,CHO,17905263.0,15.93,star,1,28.0,73,33.7,0.114,0.566,0.227,7.1,0.444,16.805235508462818,-0.8752355084628185,0.8752355084628185
Bones Hyland,2023-24,LAC,2306400.0,1.7,bench,1,23.0,37,14.6,0.081,0.49,0.241,2.6,0.386,2.5691154387978776,-0.8691154387978777,0.8691154387978777
Goran Dragić,2020-21,MIA,18000000.0,16.49,star,0,35.0,50,26.7,0.097,0.552,0.239,4.8,0.432,17.357039830036122,-0.8670398300361235,0.8670398300361235
Jarace Walker,2025-26,IND,6665520.0,4.31,bench,0,22.0,76,25.7,0.09,0.543,0.2,4.0,0.419,3.4434603381830566,0.866539661816943,0.866539661816943
Terry Rozier,2016-17,BOS,1906440.0,2.03,bench,0,23.0,74,17.1,0.091,0.466,0.167,2.0,0.367,1.164072999903252,0.8659270000967478,0.8659270000967478
Jabari Walker,2023-24,POR,1719864.0,1.26,bench,0,21.0,72,23.6,0.093,0.546,0.159,3.3,0.46,2.1252342060379426,-0.8652342060379425,0.8652342060379425
Sion James,2025-26,CHO,2296274.0,1.48,bench,0,23.0,82,22.5,0.062,0.531,0.109,1.7,0.371,0.6159263097777529,0.8640736902222471,0.8640736902222471
Bojan Bogdanović,2021-22,UTA,18502000.0,16.46,star,0,33.0,69,30.9,0.102,0.599,0.232,6.1,0.455,17.323216889994168,-0.8632168899941668,0.8632168899941668
Nerlens Noel,2018-19,OKC,1757429.0,1.73,bench,0,25.0,77,13.7,0.122,0.608,0.137,2.1,0.587,0.8715263817545709,0.8584736182454291,0.8584736182454291
Kyrie Irving,2016-17,CLE,17638063.0,18.74,star,0,25.0,72,35.1,0.135,0.58,0.295,9.3,0.473,19.597521298147942,-0.8575212981479439,0.8575212981479439
Karlo Matković,2025-26,NOP,1955377.0,1.26,bench,0,25.0,62,14.7,0.108,0.696,0.128,2.3,0.604,0.40254483920248485,0.8574551607975152,0.8574551607975152
Julius Randle,2019-20,NYK,18000000.0,16.49,star,0,25.0,64,32.5,0.131,0.538,0.271,7.2,0.46,15.633453908829766,0.8565460911702321,0.8565460911702321
Justise Winslow,2017-18,MIA,2705040.0,2.73,bench,1,22.0,68,24.7,0.092,0.496,0.158,3.0,0.424,3.584396460731829,-0.8543964607318291,0.8543964607318291
Omari Spellman,2019-20,MIN,1897800.0,1.74,bench,0,22.0,49,18.1,0.098,0.551,0.177,2.6,0.431,0.885810301827258,0.854189698172742,0.854189698172742
Ajay Mitchell,2024-25,OKC,3000000.0,2.13,bench,0,23.0,36,16.6,0.082,0.587,0.159,2.5,0.495,2.9835745851883164,-0.8535745851883165,0.8535745851883165
Steven Adams,2022-23,MEM,17926829.0,14.5,starter,0,29.0,42,27.0,0.112,0.564,0.139,3.7,0.597,13.646458202913156,0.8535417970868444,0.8535417970868444
Terence Davis,2022-23,SAC,4000000.0,3.23,bench,0,26.0,64,13.1,0.08,0.563,0.215,2.4,0.423,2.3766049226756447,0.8533950773243553,0.8533950773243553
Abdel Nader,2019-20,OKC,1618520.0,1.48,bench,0,26.0,55,15.8,0.072,0.591,0.164,2.2,0.468,2.332308434091868,-0.8523084340918681,0.8523084340918681
Jeremy Lamb,2020-21,IND,10500000.0,9.62,starter,0,29.0,36,21.3,0.098,0.587,0.18,3.3,0.435,8.773067519818467,0.8469324801815326,0.8469324801815326
Isaiah Canaan,2016-17,CHI,1015696.0,1.08,bench,1,26.0,39,15.2,0.056,0.483,0.151,1.6,0.364,1.9257448688612517,-0.8457448688612517,0.8457448688612517
Jaylen Brown,2018-19,BOS,5169960.0,5.08,bench,1,22.0,74,25.9,0.084,0.547,0.215,5.0,0.465,5.925343171059093,-0.8453431710590928,0.8453431710590928
Royce O'Neale,2018-19,UTA,1378242.0,1.35,bench,0,26.0,82,20.4,0.073,0.589,0.108,2.0,0.475,2.1942055701248853,-0.8442055701248852,0.8442055701248852
Taj Gibson,2017-18,MIN,14000000.0,14.14,starter,0,33.0,82,33.2,0.094,0.61,0.144,5.2,0.577,14.984106650963524,-0.8441066509635231,0.8441066509635231
Bam Adebayo,2018-19,MIA,2955840.0,2.9,bench,0,21.0,82,23.3,0.133,0.623,0.157,3.4,0.576,2.056905617875065,0.843094382124935,0.843094382124935
Dorian Finney-Smith,2025-26,HOU,12700000.0,8.21,starter,0,33.0,37,16.8,0.034,0.452,0.104,1.2,0.333,9.047948616595043,-0.8379486165950425,0.8379486165950425
Jakob Poeltl,2020-21,SAS,8101852.0,7.42,bench,0,25.0,69,26.7,0.1,0.612,0.13,3.8,0.616,6.583686192254965,0.8363138077450349,0.8363138077450349
Terry Rozier,2020-21,CHO,18900000.0,17.32,star,0,27.0,69,34.5,0.113,0.575,0.238,7.4,0.45,16.488732448733977,0.8312675512660235,0.8312675512660235
Danny Green,2021-22,PHI,10000000.0,8.9,starter,0,35.0,62,21.8,0.054,0.561,0.121,2.0,0.394,9.729862719499195,-0.8298627194991948,0.8298627194991948
Craig Porter,2023-24,CLE,1500000.0,1.1,bench,1,24.0,51,12.7,0.113,0.564,0.201,2.3,0.509,1.9294043409768076,-0.8294043409768075,0.8294043409768075
Keegan Murray,2022-23,SAC,8008440.0,6.48,bench,0,22.0,80,29.8,0.073,0.597,0.156,4.4,0.453,5.650824608477636,0.8291753915223641,0.8291753915223641
Jaden Ivey,2022-23,DET,7252200.0,5.86,bench,0,21.0,74,31.1,0.081,0.528,0.251,5.5,0.416,6.686081801149815,-0.8260818011498143,0.8260818011498143
Mikal Bridges,2019-20,PHO,4161000.0,3.81,bench,0,23.0,73,28.0,0.082,0.62,0.125,3.4,0.51,2.985305076326037,0.8246949236739631,0.8246949236739631
Draymond Green,2023-24,GSW,22321429.0,16.41,star,0,34.0,55,27.1,0.108,0.587,0.148,3.4,0.497,15.587404478224688,0.8225955217753125,0.8225955217753125
Day'Ron Sharpe,2023-24,BRK,2210040.0,1.62,bench,1,22.0,61,15.1,0.131,0.596,0.185,2.8,0.571,2.4418548859143456,-0.8218548859143455,0.8218548859143455
Paul Reed,2022-23,PHI,1782621.0,1.44,bench,1,24.0,69,10.9,0.106,0.62,0.152,1.8,0.593,0.6206721760349382,0.8193278239650618,0.8193278239650618
Yves Missi,2024-25,NOP,3193200.0,2.27,bench,0,21.0,73,26.8,0.09,0.572,0.141,3.7,0.547,3.08854817376009,-0.8185481737600901,0.8185481737600901
Bismack Biyombo,2020-21,CHO,3500000.0,3.21,bench,0,28.0,66,20.4,0.068,0.574,0.113,2.2,0.587,4.028020508791286,-0.8180205087912862,0.8180205087912862
Royce O'Neale,2020-21,UTA,8500000.0,7.79,bench,0,28.0,71,31.6,0.074,0.599,0.095,2.5,0.444,8.60799334790476,-0.8179933479047596,0.8179933479047596
Robert Williams,2022-23,BOS,10937502.0,8.85,starter,0,25.0,35,23.5,0.13,0.742,0.113,3.6,0.747,8.03712289534158,0.8128771046584191,0.8128771046584191
Grayson Allen,2022-23,MIL,8500000.0,6.87,bench,0,27.0,72,27.4,0.078,0.612,0.143,3.4,0.44,7.680933623951378,-0.810933623951378,0.810933623951378
Jahlil Okafor,2016-17,PHI,4788840.0,5.09,bench,0,21.0,50,22.7,0.097,0.546,0.244,4.8,0.514,4.279831993879867,0.8101680061201328,0.8101680061201328
Malik Monk,2022-23,SAC,9472219.0,7.66,bench,0,25.0,77,22.3,0.116,0.587,0.247,4.6,0.448,6.850021302586048,0.8099786974139525,0.8099786974139525
Jonas Valančiūnas,2019-20,MEM,16000000.0,14.66,starter,0,28.0,70,26.4,0.163,0.631,0.211,6.2,0.585,15.461754122271712,-0.8017541222717117,0.8017541222717117
Eric Gordon,2016-17,HOU,12385364.0,13.16,starter,0,28.0,75,31.0,0.082,0.557,0.217,5.5,0.406,12.364589030656454,0.7954109693435463,0.7954109693435463
Mike Muscala,2016-17,ATL,1015696.0,1.08,bench,1,25.0,70,17.7,0.097,0.596,0.145,2.4,0.504,1.8705786870004686,-0.7905786870004685,0.7905786870004685
Nikola Mirotic,2016-17,CHI,5782450.0,6.14,bench,1,26.0,70,24.0,0.104,0.546,0.194,3.7,0.413,6.928062015194559,-0.7880620151945594,0.7880620151945594
Patrick Patterson,2018-19,OKC,5451600.0,5.35,bench,0,30.0,63,13.7,0.06,0.493,0.118,1.3,0.374,4.563614488018945,0.786385511981055,0.786385511981055
Danny Green,2017-18,SAS,10000000.0,10.1,starter,0,31.0,70,25.6,0.073,0.509,0.163,3.1,0.387,9.314776272035939,0.7852237279640608,0.7852237279640608
Lance Stephenson,2018-19,LAL,4449000.0,4.37,bench,0,28.0,68,16.5,0.088,0.529,0.197,2.7,0.426,5.1551076152476325,-0.7851076152476324,0.7851076152476324
Josh Jackson,2017-18,PHO,5090040.0,5.14,bench,0,21.0,77,25.4,0.072,0.48,0.253,5.1,0.417,4.358241337164183,0.7817586628358164,0.7817586628358164
Jalen Smith,2022-23,IND,4670160.0,3.78,bench,0,23.0,68,18.8,0.099,0.565,0.201,3.6,0.476,4.561495570502373,-0.7814955705023734,0.7814955705023734
Pat Connaughton,2024-25,MIL,9423869.0,6.7,bench,0,32.0,41,14.7,0.088,0.567,0.151,2.0,0.469,7.478503260183792,-0.7785032601837916,0.7785032601837916
CJ Elleby,2021-22,POR,1517981.0,1.35,bench,0,22.0,58,20.2,0.06,0.491,0.143,2.1,0.393,0.5735672306340935,0.7764327693659065,0.7764327693659065
Kevin Porter,2019-20,CLE,1290960.0,1.18,bench,1,20.0,50,23.2,0.069,0.535,0.202,3.7,0.442,1.9512343710053077,-0.7712343710053078,0.7712343710053078
Jalen McDaniels,2020-21,CHO,1517981.0,1.39,bench,0,23.0,47,19.2,0.073,0.554,0.169,2.8,0.468,2.1572188097897937,-0.7672188097897938,0.7672188097897938
Dean Wade,2021-22,CLE,1782621.0,1.59,bench,0,25.0,51,19.2,0.068,0.584,0.107,1.9,0.456,2.3534700799038593,-0.7634700799038592,0.7634700799038592
Payton Pritchard,2022-23,BOS,2239200.0,1.81,bench,1,25.0,48,13.4,0.076,0.536,0.193,2.1,0.412,2.571207885378407,-0.7612078853784068,0.7612078853784068
Kentavious Caldwell-Pope,2019-20,LAL,8089282.0,7.41,bench,1,27.0,69,25.5,0.065,0.584,0.142,3.4,0.467,6.651048694525684,0.7589513054743158,0.7589513054743158
Raul Neto,2017-18,UTA,1471382.0,1.49,bench,1,26.0,41,12.2,0.088,0.55,0.173,1.7,0.457,2.247688650717678,-0.7576886507176781,0.7576886507176781
Dean Wade,2023-24,CLE,5709877.0,4.2,bench,0,27.0,54,20.5,0.073,0.598,0.101,1.8,0.414,4.956973210275319,-0.7569732102753184,0.7569732102753184
Malcolm Brogdon,2021-22,IND,21700000.0,19.3,star,0,29.0,36,33.5,0.129,0.557,0.241,6.8,0.448,18.544450146945373,0.7555498530546281,0.7555498530546281
Jabari Smith,2023-24,HOU,9326520.0,6.86,bench,0,21.0,76,31.9,0.099,0.571,0.174,5.0,0.454,7.612409104513662,-0.7524091045136618,0.7524091045136618
Caris LeVert,2025-26,DET,14104000.0,9.12,starter,0,31.0,60,19.2,0.081,0.518,0.178,2.7,0.417,8.368217151739971,0.751782848260028,0.751782848260028
Eric Gordon,2018-19,HOU,13500375.0,13.25,starter,0,30.0,68,31.7,0.07,0.549,0.215,5.6,0.409,14.000366231941122,-0.750366231941122,0.750366231941122
RJ Barrett,2019-20,NYK,7839960.0,7.18,bench,0,20.0,56,30.4,0.072,0.479,0.234,5.2,0.402,6.429792638227578,0.7502073617724214,0.7502073617724214
Larry Nance,2020-21,CLE,11709091.0,10.73,starter,0,28.0,35,31.2,0.104,0.557,0.139,3.7,0.471,11.479455483193846,-0.7494554831938451,0.7494554831938451
Furkan Korkmaz,2021-22,PHI,4629630.0,4.12,bench,0,24.0,67,21.1,0.076,0.502,0.17,2.7,0.387,3.371184972897966,0.748815027102034,0.748815027102034
Thomas Bryant,2019-20,WAS,8000000.0,7.33,bench,0,22.0,46,24.9,0.13,0.649,0.185,5.3,0.581,8.06890229578848,-0.7389022957884794,0.7389022957884794
Moritz Wagner,2021-22,ORL,1729217.0,1.54,bench,0,25.0,63,15.2,0.124,0.623,0.224,3.1,0.497,2.278597630024959,-0.7385976300249588,0.7385976300249588
Payton Pritchard,2021-22,BOS,2137440.0,1.9,bench,0,24.0,71,14.1,0.107,0.578,0.18,2.3,0.429,1.1633660663584113,0.7366339336415886,0.7366339336415886
Harrison Barnes,2025-26,SAS,19000000.0,12.29,starter,0,34.0,77,25.8,0.075,0.608,0.144,3.4,0.456,11.556683501458497,0.7333164985415017,0.7333164985415017
Nikola Jović,2023-24,MIA,2352000.0,1.73,bench,0,21.0,46,19.5,0.092,0.583,0.171,2.8,0.452,2.461815593971196,-0.7318155939711959,0.7318155939711959
Patrick Beverley,2022-23,TOT,13506508.0,10.92,starter,0,34.0,67,27.1,0.056,0.534,0.107,2.1,0.4,10.191166651311821,0.7288333486881786,0.7288333486881786
Klay Thompson,2016-17,GSW,16663575.0,17.7,star,0,27.0,78,34.0,0.109,0.592,0.258,8.3,0.468,18.42046595840258,-0.7204659584025812,0.7204659584025812
Bogdan Bogdanović,2020-21,ATL,18000000.0,16.49,star,0,28.0,44,29.7,0.11,0.616,0.21,6.1,0.473,15.774037384651669,0.7159626153483298,0.7159626153483298
Kevon Looney,2023-24,GSW,7500000.0,5.51,bench,0,28.0,74,16.1,0.102,0.62,0.11,1.9,0.597,4.7963925584208535,0.7136074415791462,0.7136074415791462
Paul George,2016-17,IND,18314532.0,19.45,star,0,27.0,75,35.9,0.136,0.587,0.287,8.3,0.461,18.742560380097643,0.707439619902356,0.707439619902356
Cedi Osman,2022-23,CLE,7426088.0,6.01,bench,0,28.0,77,20.1,0.082,0.579,0.178,3.1,0.451,5.307526202260143,0.7024737977398567,0.7024737977398567
Shai Gilgeous-Alexander,2018-19,LAC,3375360.0,3.31,bench,0,20.0,82,26.5,0.083,0.554,0.182,4.2,0.476,2.6080305416614853,0.7019694583385148,0.7019694583385148
Josh Hart,2017-18,LAL,1394520.0,1.41,bench,0,23.0,63,23.2,0.088,0.596,0.133,2.8,0.469,2.105252054702246,-0.695252054702246,0.695252054702246
Nerlens Noel,2020-21,NYK,5000000.0,4.58,bench,1,27.0,64,24.2,0.082,0.638,0.092,2.1,0.614,3.8862471779240733,0.6937528220759268,0.6937528220759268
Mychal Mulder,2020-21,GSW,1517981.0,1.39,bench,0,27.0,60,12.8,0.062,0.613,0.157,2.0,0.449,0.7074939165594197,0.6825060834405802,0.6825060834405802
Maxi Kleber,2024-25,LAL,11000000.0,7.82,bench,0,33.0,34,18.7,0.035,0.489,0.085,1.1,0.385,8.502202190609633,-0.6822021906096332,0.6822021906096332
Jarell Martin,2017-18,MEM,1471382.0,1.49,bench,1,24.0,73,22.7,0.066,0.516,0.168,3.0,0.446,2.168280071185342,-0.6782800711853418,0.6782800711853418
DeAndre Jordan,2020-21,BRK,10375678.0,9.51,starter,0,32.0,57,21.9,0.112,0.736,0.128,3.3,0.763,10.187008209463157,-0.6770082094631569,0.6770082094631569
Kyle Kuzma,2023-24,WAS,25568182.0,18.8,star,0,28.0,70,32.6,0.114,0.547,0.295,8.7,0.463,19.474445889751344,-0.6744458897513432,0.6744458897513432
Cody Martin,2020-21,CHO,1517981.0,1.39,bench,0,25.0,52,16.3,0.073,0.5,0.123,1.6,0.441,2.059074995083093,-0.6690749950830932,0.6690749950830932
Kevin Seraphin,2016-17,IND,1800000.0,1.91,bench,0,27.0,49,11.4,0.095,0.559,0.184,2.2,0.551,2.578225747848998,-0.6682257478489981,0.6682257478489981
Trey Lyles,2017-18,DEN,2441400.0,2.47,bench,1,22.0,73,19.1,0.128,0.591,0.205,3.7,0.491,3.1368291798159325,-0.6668291798159323,0.6668291798159323
Marcus Smart,2023-24,MEM,18833713.0,13.85,starter,0,30.0,20,30.2,0.083,0.552,0.225,5.1,0.43,14.513225072438171,-0.6632250724381716,0.6632250724381716
Trey Lyles,2023-24,SAC,8000000.0,5.88,bench,0,28.0,58,20.0,0.085,0.596,0.139,2.5,0.445,6.542546286239584,-0.6625462862395839,0.6625462862395839
Jaden Hardy,2024-25,DAL,2019699.0,1.44,bench,1,22.0,57,15.9,0.069,0.549,0.244,3.2,0.435,0.7835919483169107,0.6564080516830892,0.6564080516830892
Wenyen Gabriel,2022-23,LAL,1878720.0,1.52,bench,0,26.0,68,15.1,0.082,0.626,0.135,2.3,0.596,2.176154247512942,-0.656154247512942,0.656154247512942
Luke Kornet,2019-20,CHI,2250000.0,2.06,bench,0,24.0,36,15.5,0.073,0.539,0.163,2.3,0.439,1.4052171361208197,0.6547828638791804,0.6547828638791804
Cody Martin,2019-20,CHO,1173310.0,1.08,bench,1,24.0,48,18.8,0.076,0.505,0.131,1.9,0.43,1.7346715954938525,-0.6546715954938525,0.6546715954938525
Robert Covington,2020-21,POR,12138345.0,11.12,starter,0,30.0,70,32.0,0.072,0.553,0.114,2.9,0.401,10.468071058474598,0.6519289415254015,0.6519289415254015
Kevon Looney,2024-25,GSW,8000000.0,5.69,bench,0,29.0,76,15.0,0.114,0.535,0.125,1.9,0.514,6.339353622861804,-0.6493536228618035,0.6493536228618035
Jordan Hawkins,2024-25,NOP,4525680.0,3.22,bench,0,23.0,56,23.6,0.066,0.504,0.204,3.7,0.372,3.86450739947236,-0.64450739947236,0.64450739947236
Alex Len,2020-21,TOT,3523372.0,3.23,bench,0,28.0,64,15.3,0.097,0.643,0.161,2.7,0.615,3.8731218858636165,-0.6431218858636165,0.6431218858636165
Chandler Hutchison,2018-19,CHI,1991520.0,1.95,bench,0,23.0,44,20.3,0.073,0.507,0.121,2.2,0.459,1.3077512922794239,0.6422487077205761,0.6422487077205761
Blake Griffin,2016-17,LAC,20140838.0,21.39,star,1,28.0,61,34.0,0.152,0.569,0.276,7.9,0.493,20.748061489461612,0.6419385105383881,0.6419385105383881
Luke Kornet,2025-26,SAS,11000000.0,7.11,bench,0,30.0,68,21.0,0.109,0.689,0.1,2.6,0.643,7.745230134502586,-0.6352301345025859,0.6352301345025859
Isaiah Collier,2024-25,UTA,2512680.0,1.79,bench,0,20.0,71,25.9,0.077,0.494,0.186,3.3,0.422,1.1557573924891584,0.6342426075108416,0.6342426075108416
Keita Bates-Diop,2021-22,SAS,1729217.0,1.54,bench,0,26.0,59,16.2,0.092,0.578,0.144,2.3,0.517,2.163784622840246,-0.6237846228402462,0.6237846228402462
Jerami Grant,2022-23,POR,20955000.0,16.95,star,1,29.0,63,35.6,0.099,0.606,0.227,6.9,0.475,16.327207896063413,0.622792103936586,0.622792103936586
DeAndre' Bembry,2021-22,TOT,2541217.0,2.26,bench,0,27.0,56,18.3,0.069,0.601,0.111,2.2,0.561,2.8826460418863546,-0.6226460418863549,0.6226460418863549
Hamidou Diallo,2019-20,OKC,1416852.0,1.3,bench,0,21.0,46,19.5,0.061,0.491,0.173,2.9,0.446,1.922583431368273,-0.622583431368273,0.622583431368273
Malachi Flynn,2022-23,TOR,2145720.0,1.74,bench,1,25.0,53,13.0,0.056,0.479,0.168,1.6,0.36,1.1184048814024456,0.6215951185975543,0.6215951185975543
Landry Shamet,2021-22,PHO,3768342.0,3.35,bench,1,25.0,69,20.8,0.069,0.55,0.16,2.8,0.394,3.9705415793142214,-0.6205415793142213,0.6205415793142213
Baylor Scheierman,2025-26,BOS,2619000.0,1.69,bench,0,25.0,77,18.6,0.085,0.616,0.117,2.0,0.453,2.3021480614694516,-0.6121480614694517,0.6121480614694517
Kentavious Caldwell-Pope,2023-24,DEN,14704938.0,10.81,starter,1,31.0,76,31.6,0.061,0.602,0.126,3.6,0.46,10.20020006787342,0.609799932126581,0.609799932126581
Kevon Looney,2022-23,GSW,8000000.0,6.47,bench,0,27.0,82,23.9,0.116,0.639,0.104,3.0,0.63,7.079558078210066,-0.6095580782100667,0.6095580782100667
Josh Okogie,2025-26,HOU,2296274.0,1.48,bench,0,27.0,78,17.4,0.056,0.544,0.112,1.6,0.425,2.0888582156996587,-0.6088582156996587,0.6088582156996587
Glenn Robinson,2016-17,IND,1050500.0,1.12,bench,1,23.0,69,20.7,0.081,0.564,0.125,2.3,0.467,0.5170122517429633,0.6029877482570368,0.6029877482570368
Lavoy Allen,2016-17,IND,4000000.0,4.25,bench,0,28.0,61,14.3,0.069,0.485,0.103,1.3,0.458,3.648864213760305,0.6011357862396949,0.6011357862396949
Dwayne Bacon,2019-20,CHO,1618520.0,1.48,bench,0,24.0,39,17.6,0.049,0.419,0.189,2.2,0.348,2.079824913504071,-0.599824913504071,0.599824913504071
Keon Ellis,2024-25,SAC,2120693.0,1.51,bench,0,25.0,80,24.4,0.073,0.664,0.125,2.8,0.489,2.108305150718882,-0.5983051507188819,0.5983051507188819
Jevon Carter,2025-26,TOT,7680524.0,4.97,bench,0,30.0,53,16.4,0.074,0.537,0.166,2.3,0.401,5.568143192642939,-0.5981431926429392,0.5981431926429392
Klay Thompson,2017-18,GSW,17826150.0,18.0,star,0,28.0,73,34.3,0.103,0.599,0.232,7.9,0.489,18.595396742982015,-0.5953967429820146,0.5953967429820146
Gary Harris,2025-26,MIL,3634153.0,2.35,bench,0,31.0,48,13.8,0.048,0.593,0.082,1.0,0.442,2.9394402903197623,-0.5894402903197622,0.5894402903197622
Naji Marshall,2021-22,NOP,1517981.0,1.35,bench,0,24.0,55,13.4,0.082,0.505,0.197,2.0,0.405,0.7657498442849178,0.5842501557150823,0.5842501557150823
Ben Sheppard,2024-25,IND,2663880.0,1.89,bench,0,23.0,63,19.5,0.055,0.555,0.108,1.9,0.418,1.3064605705952674,0.5835394294047325,0.5835394294047325
Maurice Harkless,2021-22,SAC,4347600.0,3.87,bench,0,29.0,47,18.4,0.048,0.561,0.112,1.8,0.459,3.287349397307873,0.582650602692127,0.582650602692127
Taj Gibson,2018-19,MIN,14000000.0,13.74,starter,0,34.0,70,24.1,0.108,0.612,0.167,4.3,0.566,13.158710534178796,0.5812894658212038,0.5812894658212038
Malik Monk,2019-20,CHO,4028400.0,3.69,bench,1,22.0,55,21.3,0.091,0.53,0.22,3.9,0.434,3.109044031669587,0.5809559683304131,0.5809559683304131
Kevon Looney,2021-22,GSW,5178572.0,4.61,bench,1,26.0,82,21.1,0.102,0.586,0.12,2.5,0.571,5.189320436133347,-0.5793204361333464,0.5793204361333464
Caris LeVert,2016-17,BRK,1562280.0,1.66,bench,0,22.0,57,21.7,0.086,0.556,0.161,3.0,0.45,1.0827026878370716,0.5772973121629283,0.5772973121629283
Kyrie Irving,2023-24,DAL,37037037.0,27.23,max,0,32.0,58,35.0,0.144,0.608,0.274,9.7,0.497,26.652795238665814,0.5772047613341869,0.5772047613341869
De'Anthony Melton,2019-20,MEM,1416852.0,1.3,bench,1,22.0,60,19.5,0.093,0.501,0.185,2.7,0.401,1.8738511369775253,-0.5738511369775252,0.5738511369775252
Bojan Bogdanović,2020-21,UTA,17661000.0,16.18,star,0,32.0,72,30.8,0.094,0.588,0.225,5.6,0.439,15.608660951112084,0.571339048887916,0.571339048887916
De'Andre Hunter,2019-20,ATL,7068360.0,6.48,bench,0,22.0,63,32.0,0.058,0.521,0.173,4.4,0.41,5.914844039370454,0.5651559606295464,0.5651559606295464
Troy Brown,2022-23,LAL,1836090.0,1.48,bench,1,23.0,76,24.5,0.067,0.561,0.119,2.6,0.43,2.045060074205614,-0.565060074205614,0.565060074205614
Julius Randle,2021-22,NYK,19800000.0,17.61,star,0,27.0,72,35.3,0.128,0.509,0.279,7.1,0.411,18.172327123521185,-0.562327123521186,0.562327123521186
Jeremiah Robinson-Earl,2022-23,OKC,2000000.0,1.62,bench,1,22.0,43,18.9,0.076,0.548,0.143,2.6,0.444,2.176335188788356,-0.5563351887883559,0.5563351887883559
Davion Mitchell,2025-26,MIA,11600000.0,7.5,bench,0,27.0,70,28.6,0.083,0.582,0.137,3.7,0.49,8.0547036240518,-0.5547036240518004,0.5547036240518004
Jamal Crawford,2016-17,LAC,13253012.0,14.08,starter,0,37.0,82,26.3,0.079,0.525,0.22,4.4,0.413,14.634562731894588,-0.5545627318945883,0.5545627318945883
Jeremy Sochan,2022-23,SAS,5063520.0,4.09,bench,0,20.0,56,26.0,0.074,0.509,0.195,4.5,0.453,4.643384869249827,-0.5533848692498271,0.5533848692498271
Dorian Finney-Smith,2023-24,BRK,13932008.0,10.24,starter,0,31.0,68,28.4,0.062,0.546,0.132,3.2,0.421,9.687144935161832,0.5528550648381678,0.5528550648381678
Pascal Siakam,2016-17,TOR,1196040.0,1.27,bench,0,23.0,55,15.6,0.06,0.523,0.129,1.9,0.502,0.71748482849527,0.5525151715047301,0.5525151715047301
Jerami Grant,2018-19,OKC,8653847.0,8.5,starter,0,25.0,80,32.7,0.084,0.592,0.15,5.1,0.497,9.051906654865693,-0.551906654865693,0.551906654865693
Isaiah Stewart,2021-22,DET,3277080.0,2.92,bench,0,21.0,71,25.6,0.096,0.55,0.144,3.5,0.51,3.4699409185352863,-0.5499409185352864,0.5499409185352864
John Collins,2017-18,ATL,1936920.0,1.96,bench,0,20.0,74,24.1,0.119,0.62,0.174,4.2,0.576,2.5054360081829965,-0.5454360081829965,0.5454360081829965
Rudy Gay,2019-20,SAS,14000000.0,12.83,starter,0,33.0,67,21.8,0.112,0.553,0.211,4.0,0.446,12.285790963061912,0.5442090369380885,0.5442090369380885
Naz Reid,2020-21,MIN,1517981.0,1.39,bench,0,21.0,70,19.2,0.113,0.599,0.218,4.3,0.523,1.93316702412896,-0.5431670241289601,0.5431670241289601
Langston Galloway,2019-20,DET,7333333.0,6.72,bench,0,28.0,66,25.8,0.075,0.584,0.149,3.6,0.435,6.177100910534421,0.5428990894655792,0.5428990894655792
Alfonzo McKinnie,2019-20,CLE,2391985.0,2.19,bench,0,27.0,40,14.8,0.047,0.493,0.147,1.8,0.427,2.7302900651798137,-0.5402900651798137,0.5402900651798137
Justin Jackson,2020-21,TOT,5029650.0,4.61,bench,0,26.0,34,17.0,0.077,0.516,0.195,2.6,0.403,4.071745919997473,0.5382540800025275,0.5382540800025275
Ivica Zubac,2016-17,LAL,1034956.0,1.1,bench,1,20.0,38,16.0,0.1,0.547,0.201,3.3,0.529,0.5661905513161604,0.5338094486838397,0.5338094486838397
Gary Clark,2020-21,TOT,2000000.0,1.83,bench,0,26.0,39,16.8,0.044,0.436,0.097,1.0,0.303,2.3628733263330925,-0.5328733263330925,0.5328733263330925
Khem Birch,2021-22,TOR,6350000.0,5.65,bench,0,29.0,55,18.0,0.068,0.534,0.108,1.8,0.485,6.181234828824847,-0.5312348288248465,0.5312348288248465
Kyle Anderson,2021-22,MEM,9937150.0,8.84,starter,0,28.0,69,21.5,0.105,0.506,0.156,3.0,0.446,8.309341183379257,0.5306588166207433,0.5306588166207433
Derrick Jones,2018-19,MIA,1512601.0,1.48,bench,0,22.0,60,19.2,0.081,0.559,0.151,2.7,0.494,0.9508537735244285,0.5291462264755715,0.5291462264755715
Fred VanVleet,2018-19,TOR,8653847.0,8.5,starter,0,25.0,64,27.5,0.095,0.539,0.177,3.8,0.41,7.972715041557216,0.5272849584427837,0.5272849584427837
Sergio Rodriguez,2016-17,PHI,8000000.0,8.5,starter,0,31.0,68,22.3,0.094,0.484,0.189,3.1,0.392,9.027187759359567,-0.5271877593595669,0.5271877593595669
Courtney Lee,2017-18,NYK,11747890.0,11.86,starter,0,32.0,76,30.4,0.085,0.564,0.165,4.5,0.454,11.334618979567882,0.5253810204321177,0.5253810204321177
Deni Avdija,2024-25,POR,15625000.0,11.11,starter,0,24.0,72,30.0,0.126,0.605,0.228,5.6,0.476,10.58551027940535,0.5244897205946497,0.5244897205946497
Ziaire Williams,2024-25,BRK,6133005.0,4.36,bench,0,23.0,63,24.5,0.081,0.55,0.179,3.4,0.412,3.8361593603935322,0.5238406396064681,0.5238406396064681
Trey Lyles,2024-25,SAC,8000000.0,5.69,bench,0,29.0,69,19.6,0.087,0.551,0.139,2.3,0.42,6.209517150336081,-0.5195171503360809,0.5195171503360809
Dean Wade,2020-21,CLE,1517981.0,1.39,bench,0,24.0,63,19.2,0.082,0.573,0.128,2.1,0.431,0.8728172457975881,0.5171827542024118,0.5171827542024118
Eric Bledsoe,2018-19,MIL,15000000.0,14.72,starter,0,29.0,78,29.1,0.125,0.577,0.225,6.0,0.484,15.230649066613935,-0.5106490666139347,0.5106490666139347
Brandon Goodwin,2020-21,ATL,1701593.0,1.56,bench,0,25.0,47,13.2,0.072,0.471,0.19,1.8,0.377,2.0677749972769996,-0.5077749972769996,0.5077749972769996
Jason Smith,2016-17,WAS,5000000.0,5.31,bench,0,31.0,74,14.4,0.087,0.598,0.166,2.4,0.529,5.81628020467902,-0.5062802046790207,0.5062802046790207
Joel Embiid,2022-23,PHI,33616770.0,27.19,max,1,29.0,66,34.6,0.213,0.655,0.37,11.0,0.548,27.694230647297882,-0.5042306472978808,0.5042306472978808
Patrick Patterson,2016-17,TOR,6050000.0,6.43,bench,0,28.0,65,24.6,0.075,0.542,0.123,2.4,0.401,6.93318317221445,-0.5031831722144506,0.5031831722144506
Grant Williams,2021-22,BOS,2617800.0,2.33,bench,1,23.0,77,24.4,0.067,0.635,0.123,2.7,0.475,1.8284907474051029,0.5015092525948972,0.5015092525948972
Alex Caruso,2019-20,LAL,2750000.0,2.52,bench,0,26.0,64,18.4,0.072,0.525,0.136,1.9,0.412,3.019169927592642,-0.499169927592642,0.499169927592642
Coby White,2019-20,CHI,5307120.0,4.86,bench,0,20.0,65,25.8,0.087,0.506,0.235,4.8,0.394,4.361569518632591,0.498430481367409,0.498430481367409
Keaton Wallace,2025-26,ATL,2296274.0,1.48,bench,0,27.0,53,10.1,0.077,0.52,0.161,1.3,0.398,1.978307122297128,-0.49830712229712804,0.49830712229712804
Kenrich Williams,2023-24,OKC,6175000.0,4.54,bench,0,29.0,69,14.9,0.079,0.568,0.132,1.9,0.468,5.037930646816757,-0.4979306468167568,0.4979306468167568
Goran Dragic,2017-18,MIA,17000450.0,17.17,star,0,32.0,75,31.7,0.115,0.543,0.25,6.5,0.45,17.665901677448833,-0.4959016774488312,0.4959016774488312
Zach LaVine,2019-20,CHI,19500000.0,17.87,star,0,25.0,60,34.8,0.13,0.568,0.312,9.0,0.45,18.36076790201905,-0.49076790201904785,0.49076790201904785
JaMychal Green,2021-22,DEN,8200000.0,7.29,bench,0,32.0,67,16.2,0.093,0.587,0.168,2.4,0.486,7.778662980573307,-0.4886629805733067,0.4886629805733067
Chuma Okeke,2020-21,ORL,3121080.0,2.86,bench,0,22.0,45,25.2,0.084,0.511,0.142,3.0,0.417,3.3445760462587435,-0.4845760462587436,0.4845760462587436
Johnny Furphy,2025-26,IND,1955377.0,1.26,bench,0,21.0,35,18.4,0.066,0.547,0.125,2.0,0.47,0.7759338044382857,0.48406619556171426,0.48406619556171426
Kyshawn George,2024-25,WAS,2825520.0,2.01,bench,0,21.0,68,26.5,0.058,0.503,0.156,3.0,0.372,1.5264086380285355,0.48359136197146424,0.48359136197146424
Pau Gasol,2017-18,SAS,16000000.0,16.16,star,0,37.0,77,23.5,0.15,0.539,0.201,3.7,0.458,16.64330015385305,-0.48330015385305103,0.48330015385305103
Rui Hachimura,2024-25,LAL,17000000.0,12.09,starter,0,27.0,59,31.7,0.086,0.619,0.156,5.0,0.509,11.613762706115324,0.47623729388467595,0.47623729388467595
Fred VanVleet,2021-22,TOR,19675926.0,17.5,star,0,28.0,65,37.9,0.118,0.552,0.233,6.8,0.403,17.976164866108423,-0.476164866108423,0.476164866108423
Stanley Johnson,2017-18,DET,3097800.0,3.13,bench,1,22.0,69,27.4,0.059,0.48,0.161,3.0,0.375,2.654898969678738,0.47510103032126194,0.47510103032126194
Saben Lee,2021-22,DET,1489065.0,1.32,bench,1,23.0,37,16.3,0.1,0.499,0.169,1.9,0.39,0.8450096627298599,0.4749903372701402,0.4749903372701402
Garrett Temple,2016-17,SAC,8000000.0,8.5,starter,0,31.0,65,26.6,0.071,0.545,0.139,2.8,0.424,8.027038484604132,0.47296151539586795,0.47296151539586795
Willie Cauley-Stein,2020-21,DAL,4100000.0,3.76,bench,0,27.0,53,17.1,0.084,0.647,0.12,2.2,0.632,3.287629035853806,0.47237096414619373,0.47237096414619373
Dereck Lively,2023-24,DAL,4775640.0,3.51,bench,0,20.0,55,23.5,0.102,0.728,0.124,4.0,0.747,3.03808079521298,0.47191920478702,0.47191920478702
Giannis Antetokounmpo,2018-19,MIL,24157304.0,23.71,star,0,24.0,72,32.8,0.218,0.644,0.314,10.0,0.578,23.247396138242223,0.4626038617577777,0.4626038617577777
Reggie Bullock,2022-23,DAL,10012800.0,8.1,starter,1,32.0,78,30.3,0.052,0.577,0.098,2.5,0.409,8.562188551368255,-0.4621885513682553,0.4621885513682553
Troy Brown,2019-20,WAS,3219480.0,2.95,bench,0,20.0,69,25.8,0.1,0.524,0.174,4.0,0.439,3.411726137862698,-0.4617261378626978,0.4617261378626978
Josh Richardson,2020-21,DAL,10865952.0,9.96,starter,0,27.0,59,30.3,0.073,0.537,0.181,4.5,0.427,10.421247643364666,-0.46124764336466484,0.46124764336466484
Dennis Schröder,2019-20,OKC,15500000.0,14.2,starter,0,26.0,65,30.8,0.122,0.575,0.262,7.0,0.469,14.660444065476073,-0.4604440654760733,0.4604440654760733
Rodney McGruder,2019-20,LAC,4807693.0,4.41,bench,0,28.0,56,15.6,0.049,0.477,0.101,1.3,0.398,3.951543199230077,0.45845680076992323,0.45845680076992323
Jamal Shead,2025-26,TOR,1955377.0,1.26,bench,0,23.0,82,22.6,0.078,0.491,0.149,2.3,0.367,1.7154448894335246,-0.45544488943352457,0.45544488943352457
Jalen Pickett,2024-25,DEN,1891857.0,1.35,bench,0,25.0,49,13.6,0.078,0.545,0.13,1.6,0.428,1.8051682434302339,-0.45516824343023377,0.45516824343023377
Gordon Hayward,2016-17,UTA,16073140.0,17.07,star,1,27.0,73,34.5,0.158,0.595,0.269,7.5,0.471,16.61542057530702,0.4545794246929802,0.4545794246929802
Luke Kennard,2020-21,LAC,5273826.0,4.83,bench,1,25.0,63,19.6,0.084,0.608,0.166,3.1,0.476,4.3802485625148275,0.44975143748517254,0.44975143748517254
Myles Turner,2024-25,IND,19928500.0,14.18,starter,1,29.0,72,30.2,0.103,0.612,0.207,5.4,0.481,13.731364721520004,0.44863527847999585,0.44863527847999585
Clint Capela,2022-23,ATL,18706897.0,15.13,star,0,29.0,65,26.6,0.135,0.656,0.151,5.4,0.653,14.681497931844532,0.44850206815546834,0.44850206815546834
Simone Fontecchio,2022-23,UTA,3205128.0,2.59,bench,0,27.0,52,14.7,0.046,0.495,0.192,2.2,0.369,3.037563374413487,-0.44756337441348704,0.44756337441348704
Jonah Bolden,2018-19,PHI,1690000.0,1.66,bench,0,23.0,44,14.5,0.072,0.595,0.131,1.8,0.494,1.2133456101059126,0.44665438989408734,0.44665438989408734
Georges Niang,2019-20,UTA,1678854.0,1.54,bench,0,27.0,66,14.0,0.08,0.589,0.163,2.1,0.438,1.982410626004383,-0.44241062600438297,0.44241062600438297
Anthony Gill,2022-23,WAS,1836090.0,1.48,bench,0,30.0,59,10.6,0.063,0.604,0.116,1.2,0.538,1.0377407235564928,0.44225927644350715,0.44225927644350715
Tony Parker,2016-17,SAS,14445313.0,15.34,star,0,35.0,63,25.2,0.093,0.514,0.204,4.2,0.466,14.900466910205369,0.43953308979463124,0.43953308979463124
Aaron Holiday,2023-24,HOU,2019706.0,1.48,bench,1,27.0,78,16.3,0.078,0.578,0.158,2.4,0.446,1.918733696385874,-0.4387336963858741,0.4387336963858741
Semi Ojeleye,2020-21,BOS,1752950.0,1.61,bench,0,26.0,56,17.0,0.063,0.553,0.114,1.6,0.403,2.045790734605209,-0.4357907346052088,0.4357907346052088
Kelly Olynyk,2021-22,DET,12195122.0,10.85,starter,0,31.0,40,19.1,0.105,0.561,0.207,3.2,0.448,10.414490061015853,0.435509938984147,0.435509938984147
DeAndre' Bembry,2019-20,ATL,2603982.0,2.39,bench,0,25.0,43,21.3,0.069,0.5,0.137,2.4,0.456,2.82051980505208,-0.43051980505208,0.43051980505208
Jonas Jerebko,2016-17,BOS,5000000.0,5.31,bench,0,30.0,78,15.8,0.069,0.537,0.113,1.5,0.435,4.879552732144604,0.43044726785539567,0.43044726785539567
Kyrie Irving,2017-18,BOS,18868625.0,19.05,star,0,26.0,60,32.2,0.165,0.61,0.298,8.9,0.491,19.48010146279697,-0.43010146279696926,0.43010146279696926
Aleksej Pokusevski,2020-21,OKC,2964840.0,2.72,bench,0,19.0,45,24.2,0.058,0.43,0.197,3.1,0.341,2.292918899317004,0.427081100682996,0.427081100682996
Ricky Rubio,2021-22,IND,17800000.0,15.83,star,0,31.0,34,28.5,0.111,0.488,0.234,4.4,0.363,16.257062340585463,-0.4270623405854632,0.4270623405854632
Jeremy Lamb,2017-18,CHO,7000000.0,7.07,bench,0,26.0,80,24.6,0.116,0.559,0.22,4.8,0.457,7.494475830536041,-0.424475830536041,0.424475830536041
Denzel Valentine,2020-21,CHI,4642800.0,4.25,bench,0,27.0,62,16.7,0.085,0.479,0.19,2.5,0.373,4.672256366814131,-0.42225636681413103,0.42225636681413103
Immanuel Quickley,2020-21,NYK,2105520.0,1.93,bench,0,22.0,64,19.4,0.103,0.557,0.246,3.6,0.395,2.351753514153974,-0.4217535141539741,0.4217535141539741
Gui Santos,2024-25,GSW,1891857.0,1.35,bench,0,23.0,56,13.6,0.073,0.575,0.126,1.5,0.458,0.9297497029501808,0.4202502970498193,0.4202502970498193
Cam Reddish,2024-25,LAL,2463946.0,1.75,bench,0,25.0,33,17.9,0.04,0.498,0.084,1.2,0.404,1.3308167459385079,0.41918325406149215,0.41918325406149215
Jayson Tatum,2017-18,BOS,5645400.0,5.7,bench,0,20.0,80,30.5,0.108,0.586,0.192,5.0,0.475,5.283361618030402,0.416638381969598,0.416638381969598
Harry Giles,2019-20,SAC,2578800.0,2.36,bench,0,22.0,46,14.5,0.103,0.58,0.206,3.0,0.554,2.77246386622162,-0.41246386622162,0.41246386622162
Jose Alvarado,2021-22,NOP,1500000.0,1.33,bench,0,24.0,54,15.4,0.107,0.52,0.174,2.4,0.446,1.7419317592523156,-0.4119317592523155,0.4119317592523155
Ekpe Udoh,2017-18,UTA,3200000.0,3.23,bench,0,31.0,63,12.9,0.072,0.56,0.089,1.0,0.5,3.635023534945028,-0.4050235349450282,0.4050235349450282
Justin Hamilton,2016-17,BRK,3000000.0,3.19,bench,0,27.0,64,18.4,0.092,0.55,0.158,2.7,0.459,3.5925302586222614,-0.40253025862226144,0.40253025862226144
Talen Horton-Tucker,2020-21,LAL,1517981.0,1.39,bench,1,20.0,65,20.1,0.094,0.536,0.21,3.4,0.458,0.9883984440288548,0.4016015559711451,0.4016015559711451
E'Twaun Moore,2019-20,NOP,8664928.0,7.94,bench,0,31.0,56,18.2,0.074,0.51,0.196,3.3,0.426,8.338255664670111,-0.39825566467011075,0.39825566467011075
LeBron James,2022-23,LAL,44474988.0,35.97,max,0,38.0,55,35.5,0.172,0.583,0.322,11.1,0.5,35.571952541637934,0.3980474583620648,0.3980474583620648
Payton Pritchard,2020-21,BOS,2035800.0,1.87,bench,0,23.0,66,19.2,0.082,0.582,0.162,2.8,0.44,1.4720764709119492,0.39792352908805095,0.39792352908805095
Daniel Gafford,2022-23,WAS,1930681.0,1.56,bench,1,24.0,78,20.6,0.113,0.739,0.146,3.7,0.732,1.9576888534303956,-0.3976888534303955,0.3976888534303955
Troy Daniels,2019-20,TOT,2509594.0,2.3,bench,0,28.0,47,11.3,0.055,0.518,0.155,1.5,0.387,2.695786359069867,-0.39578635906986737,0.39578635906986737
Kyle Filipowski,2024-25,UTA,3000000.0,2.13,bench,0,21.0,72,21.1,0.103,0.594,0.184,3.6,0.502,1.7343665741381395,0.39563342586186034,0.39563342586186034
Jake LaRavia,2025-26,LAL,6000000.0,3.88,bench,0,24.0,82,25.1,0.067,0.571,0.138,2.9,0.459,3.48543807558549,0.39456192441450977,0.39456192441450977
Zach Collins,2021-22,SAS,7000000.0,6.23,bench,0,24.0,28,17.9,0.107,0.594,0.184,2.7,0.49,5.83649218811625,0.39350781188375006,0.39350781188375006
Jaylen Nowell,2020-21,MIN,1517981.0,1.39,bench,0,21.0,42,18.1,0.081,0.528,0.206,3.4,0.424,0.9989388322440602,0.3910611677559397,0.3910611677559397
Quinn Cook,2019-20,LAL,3000000.0,2.75,bench,0,27.0,44,11.5,0.072,0.509,0.201,2.1,0.425,3.1408868158092287,-0.3908868158092287,0.3908868158092287
Josh Green,2022-23,DAL,3098400.0,2.51,bench,1,22.0,60,25.7,0.067,0.645,0.14,3.4,0.537,2.1202918601007537,0.38970813989924613,0.38970813989924613
Wilson Chandler,2017-18,DEN,12016854.0,12.13,starter,0,31.0,74,31.7,0.072,0.542,0.142,3.8,0.445,11.740981490205415,0.3890185097945853,0.3890185097945853
Jordan McLaughlin,2021-22,MIN,2000000.0,1.78,bench,0,26.0,62,14.5,0.088,0.535,0.115,1.4,0.44,1.3926906071628282,0.3873093928371718,0.3873093928371718
Dalton Knecht,2024-25,LAL,3819120.0,2.72,bench,0,24.0,78,19.2,0.087,0.594,0.181,3.3,0.461,2.3329283848527056,0.3870716151472946,0.3870716151472946
Josh Green,2023-24,DAL,4765339.0,3.5,bench,1,23.0,57,26.4,0.063,0.588,0.129,3.1,0.479,3.8830647790239827,-0.3830647790239827,0.3830647790239827
Wendell Carter,2022-23,ORL,14150000.0,11.44,starter,0,24.0,57,29.6,0.126,0.621,0.204,5.6,0.525,11.821540045891954,-0.38154004589195445,0.38154004589195445
Cam Reddish,2023-24,LAL,2165000.0,1.59,bench,0,24.0,48,20.5,0.044,0.504,0.123,1.9,0.389,1.9713767301532814,-0.38137673015328133,0.38137673015328133
Shai Gilgeous-Alexander,2024-25,OKC,35859950.0,25.51,max,0,26.0,76,34.2,0.199,0.637,0.336,11.3,0.519,25.13214696809058,0.3778530319094209,0.3778530319094209
Marcus Morris,2020-21,LAC,14883721.0,13.64,starter,0,31.0,57,26.3,0.091,0.614,0.194,4.8,0.473,13.262858937477127,0.37714106252287394,0.37714106252287394
Garrett Temple,2017-18,SAC,8000000.0,8.08,starter,0,32.0,65,24.8,0.065,0.536,0.16,3.1,0.418,8.454375286154214,-0.3743752861542138,0.3743752861542138
Royce O'Neale,2021-22,UTA,8800000.0,7.83,bench,0,29.0,77,31.2,0.069,0.608,0.098,2.6,0.457,7.456710741492304,0.3732892585076959,0.3732892585076959
Aaron Gordon,2016-17,ORL,4351320.0,4.62,bench,1,21.0,80,28.7,0.088,0.53,0.197,4.9,0.454,4.989713839534294,-0.3697138395342936,0.3697138395342936
Tre Mann,2021-22,OKC,2901240.0,2.58,bench,0,21.0,60,22.8,0.069,0.501,0.213,3.9,0.393,2.2103448012764546,0.36965519872354546,0.36965519872354546
Luke Kennard,2018-19,DET,3275280.0,3.22,bench,0,23.0,63,22.8,0.09,0.56,0.179,3.6,0.438,3.5861625376818314,-0.36616253768183116,0.36616253768183116
Walker Kessler,2022-23,UTA,2696400.0,2.18,bench,0,21.0,74,23.0,0.128,0.702,0.13,4.0,0.72,2.545023965552864,-0.36502396555286376,0.36502396555286376
Isaiah Joe,2022-23,OKC,1836090.0,1.48,bench,0,23.0,73,19.1,0.093,0.626,0.17,3.1,0.441,1.1211313539916388,0.3588686460083612,0.3588686460083612
Jaden Ivey,2023-24,DET,7614480.0,5.6,bench,0,22.0,77,28.8,0.076,0.536,0.244,5.4,0.429,5.957798414784585,-0.3577984147845852,0.3577984147845852
Bojan Bogdanovic,2017-18,IND,10500000.0,10.6,starter,0,29.0,80,30.8,0.091,0.605,0.185,5.1,0.474,10.955058470413222,-0.3550584704132227,0.3550584704132227
Jose Calderon,2016-17,TOT,8100905.0,8.6,starter,0,35.0,41,13.1,0.077,0.506,0.14,1.3,0.41,8.245745175935284,0.3542548240647161,0.3542548240647161
Ivan Rabb,2018-19,MEM,1378242.0,1.35,bench,0,22.0,49,14.7,0.106,0.586,0.166,2.4,0.547,0.996545148534257,0.35345485146574307,0.35345485146574307
Grant Williams,2022-23,BOS,4306281.0,3.48,bench,1,24.0,79,25.9,0.069,0.605,0.128,2.7,0.454,3.8325748961237385,-0.3525748961237385,0.3525748961237385
Jordan Clarkson,2023-24,UTA,23487629.0,17.27,star,0,32.0,55,30.6,0.09,0.521,0.255,6.1,0.413,17.622206173824456,-0.35220617382445596,0.35220617382445596
Goga Bitadze,2023-24,ORL,2066585.0,1.52,bench,1,24.0,62,15.4,0.113,0.629,0.129,2.0,0.603,1.1688273340570607,0.3511726659429393,0.3511726659429393
Lonnie Walker,2021-22,SAS,4447896.0,3.96,bench,1,23.0,70,23.0,0.083,0.512,0.232,4.4,0.407,4.308074898285843,-0.3480748982858426,0.3480748982858426
Drew Eubanks,2021-22,TOT,2239820.0,1.99,bench,0,25.0,71,17.5,0.119,0.638,0.171,3.1,0.596,2.337005221292196,-0.34700522129219613,0.34700522129219613
Richaun Holmes,2024-25,WAS,12648321.0,9.0,starter,0,31.0,31,17.2,0.135,0.695,0.143,2.9,0.647,8.65388559452283,0.3461144054771701,0.3461144054771701
Jalen Suggs,2023-24,ORL,7252080.0,5.33,bench,1,23.0,75,27.0,0.088,0.602,0.191,4.5,0.471,5.675766443337553,-0.3457664433375527,0.3457664433375527
Isaiah Livers,2022-23,DET,1563518.0,1.26,bench,0,24.0,52,23.1,0.053,0.567,0.117,2.3,0.417,0.9162596777084785,0.3437403222915215,0.3437403222915215
James Ennis,2016-17,MEM,2898000.0,3.08,bench,0,26.0,64,23.4,0.07,0.581,0.127,2.3,0.455,3.421027931183088,-0.34102793118308794,0.34102793118308794
Patrick McCaw,2019-20,TOR,4000000.0,3.67,bench,0,24.0,37,24.5,0.05,0.5,0.093,1.8,0.414,4.007807409278039,-0.33780740927803876,0.33780740927803876
Fred VanVleet,2022-23,TOR,21250000.0,17.18,star,1,29.0,69,36.7,0.113,0.54,0.225,6.3,0.393,16.842541351777648,0.33745864822235205,0.33745864822235205
Álex Abrines,2018-19,OKC,3575183.0,3.51,bench,0,25.0,31,19.0,0.041,0.507,0.12,1.8,0.357,3.84431865136614,-0.33431865136614025,0.33431865136614025
Chimezie Metu,2022-23,SAC,1910860.0,1.55,bench,1,26.0,66,10.4,0.117,0.639,0.168,2.0,0.589,1.215797881686697,0.33420211831330304,0.33420211831330304
Lonzo Ball,2020-21,NOP,11003782.0,10.08,starter,1,23.0,55,31.8,0.105,0.551,0.202,5.3,0.414,10.413241794032531,-0.3332417940325314,0.3332417940325314
Max Strus,2024-25,CLE,15212068.0,10.82,starter,0,29.0,50,25.5,0.083,0.607,0.143,3.3,0.442,11.150505676901318,-0.3305056769013177,0.3305056769013177
Ivica Zubac,2021-22,LAC,7518518.0,6.69,bench,1,25.0,76,24.4,0.123,0.66,0.168,4.1,0.626,7.018427982833117,-0.3284279828331167,0.3284279828331167
Derrick Jones,2024-25,LAC,9523810.0,6.77,bench,0,28.0,77,24.3,0.076,0.609,0.16,4.0,0.526,7.096919445524774,-0.3269194455247746,0.3269194455247746
Dominick Barlow,2025-26,PHI,3415000.0,2.21,bench,0,23.0,71,23.8,0.078,0.597,0.125,3.0,0.539,2.5355587803620225,-0.32555878036202257,0.32555878036202257
OG Anunoby,2021-22,TOR,16071429.0,14.3,starter,0,24.0,48,36.0,0.092,0.549,0.204,6.4,0.443,14.625535747887838,-0.32553574788783735,0.32553574788783735
Jarrett Allen,2023-24,CLE,20000000.0,14.7,starter,0,26.0,77,31.7,0.149,0.664,0.191,6.7,0.634,15.025502910844928,-0.32550291084492855,0.32550291084492855
Pat Connaughton,2023-24,MIL,9423869.0,6.93,bench,0,31.0,76,22.1,0.066,0.574,0.106,2.0,0.435,6.604622351880369,0.32537764811963044,0.32537764811963044
Xavier Tillman,2021-22,MEM,1517981.0,1.35,bench,0,23.0,53,13.2,0.094,0.51,0.164,1.8,0.454,1.0247751201458422,0.32522487985415793,0.32522487985415793
Onyeka Okongwu,2024-25,ATL,14000000.0,9.96,starter,0,24.0,74,27.9,0.122,0.634,0.169,5.2,0.567,9.634959898522004,0.3250401014779971,0.3250401014779971
Jaylen Nowell,2021-22,MIN,1782621.0,1.59,bench,0,22.0,62,15.7,0.108,0.581,0.205,3.2,0.475,1.2692424017530983,0.32075759824690175,0.32075759824690175
Jalen Brunson,2018-19,DAL,1230000.0,1.21,bench,0,22.0,73,21.8,0.088,0.549,0.186,3.6,0.467,1.5305310280950495,-0.3205310280950495,0.3205310280950495
Tyus Jones,2021-22,MEM,7600000.0,6.76,bench,1,26.0,73,21.2,0.126,0.544,0.164,3.4,0.451,6.439653075848391,0.32034692415160837,0.32034692415160837
Sam Dekker,2016-17,HOU,1720560.0,1.83,bench,0,23.0,77,18.4,0.087,0.549,0.148,2.6,0.473,1.5122079924893959,0.3177920075106042,0.3177920075106042
Moritz Wagner,2020-21,TOT,2383915.0,2.18,bench,0,24.0,45,16.0,0.08,0.58,0.178,2.3,0.454,1.8672950534513637,0.31270494654863645,0.31270494654863645
Svi Mykhailiuk,2019-20,DET,1416852.0,1.3,bench,0,23.0,56,22.6,0.069,0.578,0.165,3.0,0.41,1.6122921022947638,-0.3122921022947638,0.3122921022947638
Terrence Ross,2022-23,TOT,11161857.0,9.03,starter,0,32.0,63,21.1,0.069,0.544,0.166,3.2,0.43,8.718509155946784,0.3114908440532158,0.3114908440532158
Trevor Booker,2016-17,BRK,9250000.0,9.83,starter,0,29.0,71,24.7,0.127,0.554,0.185,4.3,0.516,10.140942524078776,-0.31094252407877576,0.31094252407877576
Josh Okogie,2022-23,PHO,1836090.0,1.48,bench,1,24.0,72,18.8,0.078,0.531,0.174,2.3,0.391,1.789935233711561,-0.30993523371156106,0.30993523371156106
Michael Carter-Williams,2017-18,CHO,2700000.0,2.73,bench,0,26.0,52,16.1,0.07,0.446,0.166,1.5,0.332,3.0399053475475877,-0.3099053475475877,0.3099053475475877
Lonzo Ball,2019-20,NOP,8719320.0,7.99,bench,1,22.0,63,32.1,0.101,0.517,0.181,4.4,0.403,8.297507481484311,-0.3075074814843113,0.3075074814843113
Eric Moreland,2017-18,DET,1739333.0,1.76,bench,0,26.0,67,12.0,0.103,0.531,0.097,1.0,0.541,1.454400869094157,0.305599130905843,0.305599130905843
Jodie Meeks,2016-17,ORL,6540000.0,6.95,bench,0,29.0,36,20.5,0.081,0.567,0.192,2.9,0.402,6.6458122299410585,0.3041877700589417,0.3041877700589417
Jeremiah Robinson-Earl,2024-25,NOP,2196970.0,1.56,bench,0,24.0,66,18.8,0.087,0.563,0.14,2.4,0.455,1.8637199766164645,-0.30371997661646444,0.30371997661646444
Trey Lyles,2018-19,DEN,3364249.0,3.3,bench,1,23.0,64,17.5,0.094,0.5,0.229,3.2,0.418,3.599296718543723,-0.2992967185437232,0.2992967185437232
Jerryd Bayless,2018-19,MIN,8575916.0,8.42,starter,0,30.0,34,19.3,0.059,0.431,0.172,2.4,0.357,8.718688892695761,-0.29868889269576115,0.29868889269576115
Malcolm Brogdon,2023-24,POR,22500000.0,16.54,star,0,31.0,39,28.7,0.122,0.56,0.226,5.6,0.44,16.838455391615092,-0.29845539161509294,0.29845539161509294
Lamar Stevens,2021-22,CLE,1517981.0,1.35,bench,0,24.0,63,16.1,0.068,0.544,0.169,2.5,0.489,1.052095839952723,0.29790416004727716,0.29790416004727716
Keyonte George,2023-24,UTA,3889800.0,2.86,bench,0,20.0,75,27.0,0.081,0.533,0.224,4.3,0.391,3.1578204403394037,-0.2978204403394038,0.2978204403394038
Josh Huestis,2017-18,OKC,1471382.0,1.49,bench,0,26.0,69,14.2,0.032,0.417,0.095,0.9,0.33,1.1923560532192268,0.2976439467807732,0.2976439467807732
Al-Farouq Aminu,2016-17,POR,7680965.0,8.16,starter,0,26.0,61,29.1,0.092,0.506,0.155,3.0,0.393,7.863821690939659,0.29617830906034115,0.29617830906034115
Isaiah Hartenstein,2023-24,NYK,9245121.0,6.8,bench,1,26.0,75,25.3,0.113,0.67,0.116,3.1,0.644,6.503895402413706,0.2961045975862939,0.2961045975862939
Delon Wright,2023-24,TOT,8856750.0,6.51,bench,0,32.0,47,15.8,0.093,0.505,0.127,1.6,0.394,6.214191738533568,0.2958082614664317,0.2958082614664317
Jeremy Lin,2016-17,BRK,11483254.0,12.2,starter,0,28.0,36,24.5,0.131,0.566,0.255,4.9,0.438,12.494034648512322,-0.29403464851232286,0.29403464851232286
Aaron Nesmith,2022-23,IND,3804360.0,3.08,bench,1,23.0,73,24.9,0.059,0.566,0.168,3.5,0.427,3.373594207348846,-0.2935942073488458,0.2935942073488458
Vlatko Čančar,2022-23,DEN,2234359.0,1.81,bench,0,26.0,60,14.8,0.076,0.606,0.134,1.8,0.476,2.103044408755251,-0.29304440875525106,0.29304440875525106
Herbert Jones,2024-25,NOP,12976362.0,9.23,starter,0,26.0,20,32.4,0.062,0.541,0.146,3.8,0.436,9.519691889814917,-0.28969188981491634,0.28969188981491634
Ausar Thompson,2024-25,DET,8376000.0,5.96,bench,0,22.0,59,22.5,0.104,0.568,0.185,4.2,0.535,5.671959597174311,0.2880404028256889,0.2880404028256889
Lonnie Walker,2022-23,LAL,6479000.0,5.24,bench,0,24.0,56,23.2,0.074,0.57,0.198,4.2,0.448,4.953033591828854,0.28696640817114627,0.28696640817114627
Caleb Martin,2020-21,CHO,1517981.0,1.39,bench,1,25.0,53,15.4,0.067,0.465,0.164,1.8,0.375,1.676049543436478,-0.28604954343647804,0.28604954343647804
Shaun Livingston,2016-17,GSW,5782450.0,6.14,bench,1,31.0,76,17.7,0.073,0.568,0.132,2.3,0.547,5.858428096526957,0.2815719034730426,0.2815719034730426
Chuma Okeke,2021-22,ORL,3277080.0,2.92,bench,0,23.0,70,25.0,0.093,0.501,0.159,3.1,0.376,3.1990995326471463,-0.2790995326471464,0.2790995326471464
Jordan McLaughlin,2023-24,MIN,2320000.0,1.71,bench,0,28.0,56,11.2,0.108,0.638,0.119,1.3,0.483,1.9861432704764148,-0.27614327047641485,0.27614327047641485
Gary Clark,2019-20,TOT,1427191.0,1.31,bench,1,25.0,42,13.5,0.065,0.568,0.105,1.3,0.406,1.586005545229584,-0.276005545229584,0.276005545229584
Kawhi Leonard,2016-17,SAS,17638063.0,18.74,star,0,26.0,74,33.4,0.174,0.61,0.306,8.6,0.485,18.465845501604846,0.27415449839515205,0.27415449839515205
Maxi Kleber,2023-24,DAL,11000000.0,8.09,starter,0,32.0,43,20.3,0.057,0.573,0.096,1.5,0.432,8.362940458855698,-0.2729404588556985,0.2729404588556985
Christian Braun,2023-24,DEN,2949120.0,2.17,bench,0,23.0,82,20.2,0.084,0.554,0.152,2.7,0.46,1.9002568179954018,0.2697431820045981,0.2697431820045981
Ryan Arcidiacono,2018-19,CHI,1349383.0,1.32,bench,1,25.0,81,24.2,0.078,0.588,0.117,2.3,0.447,1.052095234176568,0.26790476582343214,0.26790476582343214
Aaron Nesmith,2024-25,IND,11000000.0,7.82,bench,0,25.0,45,24.9,0.087,0.653,0.171,4.3,0.507,8.086283195365423,-0.266283195365423,0.266283195365423
Ramon Sessions,2016-17,CHO,6000000.0,6.37,bench,0,31.0,50,16.2,0.079,0.495,0.192,2.0,0.38,6.105088556891919,0.26491144310808146,0.26491144310808146
Andrew Nembhard,2025-26,IND,18102000.0,11.71,starter,0,26.0,57,31.3,0.111,0.564,0.233,5.8,0.442,11.974578017457205,-0.2645780174572039,0.2645780174572039
Jalen Johnson,2025-26,ATL,30000000.0,19.4,star,0,24.0,72,35.2,0.161,0.581,0.264,8.3,0.489,19.663165066972528,-0.2631650669725296,0.2631650669725296
Khem Birch,2018-19,ORL,1378242.0,1.35,bench,1,26.0,50,12.9,0.116,0.64,0.136,1.8,0.603,1.6101824546216055,-0.2601824546216054,0.2601824546216054
Obi Toppin,2023-24,IND,6803012.0,5.0,bench,1,26.0,82,21.1,0.101,0.677,0.16,4.0,0.573,5.256693257669179,-0.2566932576691787,0.2566932576691787
Tari Eason,2022-23,HOU,3359160.0,2.72,bench,0,22.0,82,21.6,0.095,0.525,0.184,3.6,0.448,2.4646347272705023,0.25536527272949794,0.25536527272949794
Bradley Beal,2020-21,WAS,28751774.0,26.34,max,0,28.0,60,35.8,0.145,0.593,0.331,11.2,0.485,26.085999986518246,0.25400001348175394,0.25400001348175394
Anthony Edwards,2020-21,MIN,9757440.0,8.94,starter,0,19.0,72,32.1,0.094,0.523,0.264,7.0,0.417,8.687338232519338,0.25266176748066194,0.25266176748066194
Dwight Powell,2019-20,DAL,10259375.0,9.4,starter,0,28.0,40,26.5,0.094,0.677,0.126,3.7,0.638,9.153562331719945,0.24643766828005553,0.24643766828005553
Ty Jerome,2021-22,OKC,2412840.0,2.15,bench,1,24.0,48,16.7,0.081,0.488,0.205,2.6,0.378,1.903738967317905,0.24626103268209487,0.24626103268209487
Alex Len,2017-18,PHO,4187599.0,4.23,bench,0,25.0,69,20.2,0.129,0.612,0.164,3.1,0.566,3.983892335070481,0.2461076649295193,0.2461076649295193
Peyton Watson,2024-25,DEN,2413560.0,1.72,bench,1,22.0,68,24.3,0.066,0.564,0.138,3.0,0.477,1.9654542534299513,-0.2454542534299513,0.2454542534299513
Kevon Looney,2018-19,GSW,1567007.0,1.54,bench,1,23.0,80,18.5,0.092,0.636,0.122,2.7,0.625,1.7847208513277861,-0.2447208513277861,0.2447208513277861
Jerami Grant,2017-18,OKC,1524305.0,1.54,bench,1,24.0,81,20.3,0.101,0.607,0.161,3.0,0.535,1.2982009881306373,0.2417990118693627,0.2417990118693627
Kevin Huerter,2018-19,ATL,2250960.0,2.21,bench,0,20.0,75,27.3,0.065,0.533,0.153,3.7,0.419,1.9688972947861414,0.24110270521385857,0.24110270521385857
Isaiah Joe,2023-24,OKC,1997238.0,1.47,bench,1,24.0,78,18.5,0.09,0.626,0.157,2.8,0.458,1.7097900579454728,-0.2397900579454728,0.2397900579454728
Dwayne Bacon,2018-19,CHO,1378242.0,1.35,bench,0,23.0,43,17.6,0.069,0.57,0.167,2.8,0.475,1.5882927718200697,-0.23829277182006958,0.23829277182006958
Gary Payton,2023-24,GSW,8715000.0,6.41,bench,0,31.0,44,15.5,0.078,0.621,0.13,2.3,0.563,6.647724398175552,-0.23772439817555213,0.23772439817555213
Wendell Carter,2018-19,CHI,4441200.0,4.36,bench,0,20.0,44,25.2,0.1,0.541,0.192,4.1,0.485,4.595947006638876,-0.23594700663887558,0.23594700663887558
Furkan Korkmaz,2019-20,PHI,1620564.0,1.48,bench,0,22.0,72,21.7,0.078,0.579,0.177,3.4,0.43,1.7159310634145901,-0.23593106341459014,0.23593106341459014
Théo Maledon,2020-21,OKC,2000000.0,1.83,bench,0,20.0,65,27.3,0.063,0.489,0.188,3.5,0.368,2.064978971444275,-0.2349789714442747,0.2349789714442747
Jalen Suggs,2021-22,ORL,6592920.0,5.86,bench,0,21.0,48,27.2,0.064,0.455,0.244,4.1,0.361,5.626490975354676,0.23350902464532464,0.23350902464532464
Mario Hezonja,2019-20,POR,1737145.0,1.59,bench,0,25.0,53,16.4,0.067,0.525,0.135,1.7,0.422,1.8232351488279415,-0.23323514882794139,0.23323514882794139
Joe Ingles,2018-19,UTA,13045455.0,12.81,starter,0,31.0,82,31.3,0.104,0.581,0.17,4.4,0.448,13.042489351633785,-0.23248935163378448,0.23248935163378448
Tomáš Satoranský,2019-20,CHI,9375000.0,8.59,starter,0,28.0,65,28.9,0.094,0.533,0.165,3.6,0.43,8.8161230643379,-0.22612306433789975,0.22612306433789975
Ben Sheppard,2025-26,IND,2790720.0,1.8,bench,0,24.0,65,21.4,0.066,0.561,0.131,2.6,0.434,1.5759843436460423,0.2240156563539577,0.2240156563539577
Richaun Holmes,2021-22,SAC,10384500.0,9.24,starter,0,28.0,45,23.9,0.116,0.689,0.153,4.4,0.66,9.46067141583425,-0.22067141583424998,0.22067141583424998
Timothé Luwawu-Cabarrot,2021-22,ATL,1939350.0,1.73,bench,0,27.0,52,13.2,0.049,0.556,0.135,1.4,0.398,1.9468168286086116,-0.21681682860861162,0.21681682860861162
Chuma Okeke,2022-23,ORL,3433320.0,2.78,bench,1,24.0,27,19.2,0.063,0.488,0.121,1.6,0.352,2.9942175717461623,-0.21421757174616252,0.21421757174616252
Trendon Watford,2022-23,POR,1563518.0,1.26,bench,1,22.0,62,19.1,0.097,0.625,0.158,2.9,0.56,1.046772484214461,0.213227515785539,0.213227515785539
Lindy Waters,2022-23,OKC,1927896.0,1.56,bench,0,25.0,41,12.9,0.073,0.573,0.148,1.7,0.393,1.3469985977992442,0.2130014022007558,0.2130014022007558
Jalen Brunson,2025-26,NYK,34944001.0,22.6,star,0,29.0,74,35.0,0.135,0.58,0.296,9.3,0.467,22.81156939214629,-0.21156939214628778,0.21156939214628778
Terrence Ross,2018-19,ORL,10500000.0,10.31,starter,0,28.0,81,26.5,0.11,0.561,0.23,5.4,0.428,10.5209114247735,-0.21091142477349933,0.21091142477349933
Markieff Morris,2018-19,TOT,9173295.0,9.0,starter,0,29.0,58,21.9,0.075,0.521,0.191,3.5,0.421,8.794441444121885,0.205558555878115,0.205558555878115
Cam Whitmore,2023-24,HOU,3218160.0,2.37,bench,0,19.0,47,18.7,0.11,0.561,0.255,4.5,0.454,2.170436364132645,0.19956363586735515,0.19956363586735515
John Wall,2017-18,WAS,18063850.0,18.24,star,0,27.0,41,34.4,0.13,0.515,0.281,6.8,0.42,18.43793775997412,-0.19793775997412055,0.19793775997412055
Sandro Mamukelashvili,2024-25,SAS,2087519.0,1.48,bench,0,26.0,61,11.2,0.124,0.628,0.202,2.3,0.502,1.2842821774976256,0.19571782250237435,0.19571782250237435
Tim Hardaway,2023-24,DAL,17897728.0,13.16,starter,0,32.0,79,26.8,0.083,0.542,0.22,5.0,0.402,13.347125472006192,-0.18712547200619234,0.18712547200619234
Mikal Bridges,2024-25,NYK,23300000.0,16.57,star,0,28.0,82,37.0,0.09,0.585,0.192,7.2,0.5,16.383830180676227,0.18616981932377286,0.18616981932377286
Patrick Beverley,2021-22,MIN,14320988.0,12.74,starter,0,33.0,58,25.4,0.094,0.539,0.158,3.1,0.406,12.554005846849018,0.18599415315098256,0.18599415315098256
Khem Birch,2019-20,ORL,3000000.0,2.75,bench,0,27.0,48,19.2,0.069,0.566,0.101,1.5,0.51,2.9347789307078718,-0.18477893070787177,0.18477893070787177
Noah Clowney,2025-26,BRK,3398640.0,2.2,bench,0,21.0,66,27.0,0.072,0.554,0.202,3.8,0.396,2.3830737564906928,-0.18307375649069257,0.18307375649069257
Jericho Sims,2025-26,MIL,2461463.0,1.59,bench,0,27.0,67,19.7,0.083,0.772,0.095,2.2,0.784,1.407345798903803,0.18265420109619712,0.18265420109619712
Shai Gilgeous-Alexander,2025-26,OKC,38333050.0,24.79,star,0,27.0,68,33.2,0.207,0.665,0.323,10.8,0.553,24.611653835253133,0.17834616474686626,0.17834616474686626
Norman Powell,2017-18,TOR,1471382.0,1.49,bench,1,25.0,70,15.2,0.056,0.492,0.185,2.1,0.401,1.6652546054222594,-0.17525460542225946,0.17525460542225946
Rodions Kurucs,2018-19,BRK,1618320.0,1.59,bench,0,21.0,63,20.5,0.069,0.545,0.175,3.2,0.45,1.7639922156251817,-0.17399221562518163,0.17399221562518163
Bennedict Mathurin,2022-23,IND,6586800.0,5.33,bench,0,21.0,78,28.5,0.087,0.566,0.235,5.3,0.434,5.156517562606085,0.17348243739391478,0.17348243739391478
Malik Monk,2020-21,CHO,5345687.0,4.9,bench,0,23.0,42,20.9,0.096,0.569,0.227,4.1,0.434,5.0733096807371805,-0.17330968073718012,0.17330968073718012
Xavier Tillman,2020-21,MEM,1300000.0,1.19,bench,0,22.0,59,18.4,0.095,0.605,0.142,2.8,0.559,1.3614272683671054,-0.17142726836710542,0.17142726836710542
Jarred Vanderbilt,2021-22,MIN,4000000.0,3.56,bench,0,23.0,74,25.4,0.103,0.612,0.108,2.9,0.587,3.7312273658510184,-0.1712273658510184,0.1712273658510184
Marcin Gortat,2017-18,WAS,12782609.0,12.91,starter,0,34.0,82,25.3,0.104,0.546,0.153,3.5,0.518,12.740160011661978,0.1698399883380226,0.1698399883380226
Aaron Wiggins,2023-24,OKC,1836096.0,1.35,bench,1,25.0,78,15.7,0.096,0.664,0.163,2.7,0.562,1.1802381230000465,0.1697618769999536,0.1697618769999536
Nick Smith,2024-25,CHO,2587200.0,1.84,bench,0,21.0,60,22.8,0.064,0.502,0.205,3.7,0.391,1.6755400447469566,0.16445995525304347,0.16445995525304347
Johnny Juzang,2024-25,UTA,3087519.0,2.2,bench,0,24.0,64,19.8,0.071,0.573,0.174,3.2,0.429,2.0399525900020956,0.16004740999790457,0.16004740999790457
Rondae Hollis-Jefferson,2016-17,BRK,1395600.0,1.48,bench,0,22.0,78,22.6,0.098,0.517,0.185,3.0,0.434,1.3203538347375643,0.1596461652624357,0.1596461652624357
Mark Williams,2022-23,CHO,3722040.0,3.01,bench,0,21.0,43,19.3,0.133,0.659,0.168,3.7,0.637,3.168302240591032,-0.15830224059103237,0.15830224059103237
Hamidou Diallo,2021-22,DET,5200000.0,4.63,bench,0,23.0,58,21.9,0.107,0.541,0.213,4.5,0.496,4.7853800506909945,-0.1553800506909946,0.1553800506909946
Cameron Johnson,2019-20,PHO,4033440.0,3.7,bench,0,24.0,57,22.0,0.082,0.586,0.151,3.1,0.435,3.8549032060281383,-0.15490320602813812,0.15490320602813812
Tyus Jones,2018-19,MIN,2444053.0,2.4,bench,1,23.0,68,22.9,0.095,0.491,0.139,2.7,0.415,2.250603757312745,0.14939624268725504,0.14939624268725504
Trey Burke,2020-21,DAL,3000000.0,2.75,bench,0,28.0,62,14.7,0.076,0.544,0.193,2.4,0.428,2.6017502695386217,0.14824973046137835,0.14824973046137835
Jeremiah Robinson-Earl,2021-22,OKC,2000000.0,1.78,bench,0,21.0,49,22.2,0.084,0.526,0.152,2.7,0.414,1.9277049459867692,-0.1477049459867692,0.1477049459867692
Oso Ighodaro,2025-26,PHO,1955377.0,1.26,bench,0,23.0,82,22.1,0.09,0.636,0.12,2.9,0.653,1.1148866165878042,0.14511338341219582,0.14511338341219582
Drew Eubanks,2023-24,PHO,2346614.0,1.73,bench,1,27.0,75,15.6,0.099,0.645,0.129,2.0,0.601,1.8750201868498855,-0.1450201868498855,0.1450201868498855
Sam Hauser,2022-23,BOS,1637966.0,1.32,bench,0,25.0,80,16.1,0.084,0.634,0.141,2.3,0.455,1.460927067429397,-0.14092706742939698,0.14092706742939698
Kyle O'Quinn,2016-17,NYK,3900000.0,4.14,bench,0,27.0,79,15.6,0.132,0.552,0.182,2.7,0.521,4.280275929631218,-0.14027592963121815,0.14027592963121815
Jrue Holiday,2025-26,POR,32400000.0,20.95,star,0,35.0,53,29.4,0.124,0.573,0.227,6.0,0.451,20.813048453243034,0.13695154675696486,0.13695154675696486
Ed Davis,2017-18,POR,6352531.0,6.41,bench,0,29.0,78,18.9,0.115,0.607,0.12,2.2,0.582,6.273612665944283,0.13638733405571735,0.13638733405571735
Wes Iwundu,2019-20,ORL,1618520.0,1.48,bench,0,25.0,52,18.3,0.067,0.544,0.134,1.9,0.416,1.6142739543557267,-0.13427395435572675,0.13427395435572675
Oshae Brissett,2022-23,IND,1846738.0,1.49,bench,0,25.0,65,16.7,0.073,0.52,0.155,1.9,0.386,1.3577782656176267,0.13222173438237328,0.13222173438237328
Aaron Wiggins,2022-23,OKC,1563518.0,1.26,bench,0,24.0,70,18.5,0.077,0.607,0.143,2.7,0.512,1.3901182849801994,-0.1301182849801994,0.1301182849801994
Jaylin Williams,2022-23,OKC,2000000.0,1.62,bench,0,21.0,49,18.7,0.08,0.559,0.133,2.1,0.436,1.7484147800666408,-0.12841478006664064,0.12841478006664064
Dylan Windler,2020-21,CLE,2137440.0,1.96,bench,0,24.0,31,16.5,0.082,0.567,0.14,1.8,0.438,2.0869900447563277,-0.1269900447563277,0.1269900447563277
Bradley Beal,2019-20,WAS,25399705.0,23.27,star,0,27.0,57,36.0,0.143,0.579,0.338,10.4,0.455,23.394013355942345,-0.12401335594234553,0.12401335594234553
Larry Nance,2022-23,NOP,9672727.0,7.82,bench,0,30.0,65,21.2,0.11,0.649,0.118,2.9,0.61,7.696776809580709,0.1232231904192913,0.1232231904192913
Tyler Kolek,2025-26,NYK,2191897.0,1.42,bench,0,25.0,62,11.7,0.101,0.533,0.173,1.7,0.435,1.5398271259210594,-0.11982712592105949,0.11982712592105949
Cason Wallace,2024-25,OKC,5555880.0,3.95,bench,0,21.0,68,27.6,0.075,0.562,0.124,3.4,0.474,3.831759768253886,0.11824023174611398,0.11824023174611398
Jodie Meeks,2017-18,WAS,3290000.0,3.32,bench,0,30.0,77,14.5,0.092,0.548,0.179,2.0,0.399,3.2065676932287723,0.11343230677122751,0.11343230677122751
Marcus Morris,2022-23,LAC,16372093.0,13.24,starter,0,33.0,65,28.1,0.072,0.534,0.176,4.2,0.426,13.35209518072556,-0.11209518072555902,0.11209518072555902
Thaddeus Young,2019-20,CHI,12900000.0,11.82,starter,0,32.0,64,24.9,0.089,0.521,0.192,4.2,0.448,11.930982522876647,-0.11098252287664678,0.11098252287664678
Jaxson Hayes,2025-26,LAL,3449323.0,2.23,bench,0,26.0,66,18.3,0.109,0.758,0.124,3.0,0.756,2.340133280019503,-0.11013328001950295,0.11013328001950295
Rudy Gay,2020-21,SAS,14500000.0,13.29,starter,0,34.0,63,21.6,0.108,0.532,0.23,4.2,0.42,13.181111721101276,0.1088882788987231,0.1088882788987231
Miles McBride,2023-24,NYK,1836096.0,1.35,bench,1,23.0,68,19.5,0.08,0.59,0.164,3.0,0.452,1.4581679110613313,-0.10816791106133117,0.10816791106133117
Jalen McDaniels,2021-22,CHO,1782621.0,1.59,bench,0,24.0,55,16.3,0.082,0.595,0.152,2.2,0.484,1.6966031784058395,-0.10660317840583944,0.10660317840583944
Ryan Kalkbrenner,2025-26,CHO,2296274.0,1.48,bench,0,24.0,69,21.4,0.108,0.762,0.113,3.2,0.753,1.5858477955902905,-0.10584779559029056,0.10584779559029056
Santi Aldama,2025-26,MEM,18485916.0,11.95,starter,0,25.0,43,27.9,0.115,0.572,0.191,5.3,0.479,12.047333560813264,-0.09733356081326505,0.09733356081326505
Richaun Holmes,2018-19,PHO,1600520.0,1.57,bench,1,25.0,70,16.9,0.125,0.647,0.174,3.2,0.608,1.4731294602044294,0.0968705397955707,0.0968705397955707
Ryan Dunn,2025-26,PHO,2657760.0,1.72,bench,0,23.0,70,19.4,0.081,0.532,0.136,2.3,0.453,1.8154317399045992,-0.09543173990459919,0.09543173990459919
C.J. Watson,2016-17,ORL,5000000.0,5.31,bench,0,33.0,62,16.3,0.063,0.507,0.139,1.5,0.387,5.215732337209026,0.09426766279097354,0.09426766279097354
Damian Jones,2020-21,TOT,1467242.0,1.34,bench,1,26.0,39,14.0,0.083,0.712,0.12,1.8,0.68,1.433747523254093,-0.09374752325409297,0.09374752325409297
Cason Wallace,2025-26,OKC,5820240.0,3.76,bench,0,22.0,77,26.6,0.076,0.538,0.141,3.3,0.432,3.8522433173941972,-0.09224331739419744,0.09224331739419744
Giannis Antetokounmpo,2020-21,MIL,27528088.0,25.22,max,1,26.0,61,33.0,0.196,0.633,0.32,10.3,0.569,25.128648280806516,0.09135171919348295,0.09135171919348295
Nikola Jokić,2021-22,DEN,30510423.0,27.14,max,0,27.0,74,33.5,0.23,0.661,0.309,10.3,0.583,27.231341563049966,-0.09134156304996566,0.09134156304996566
Lonzo Ball,2018-19,LAL,7461960.0,7.33,bench,0,21.0,47,30.3,0.087,0.487,0.167,3.9,0.406,7.4201089067958135,-0.0901089067958134,0.0901089067958134
Bones Hyland,2021-22,DEN,2096880.0,1.87,bench,0,21.0,69,19.0,0.096,0.558,0.231,3.3,0.403,1.9564306881372648,-0.08643068813726473,0.08643068813726473
Tyler Ulis,2017-18,PHO,1312611.0,1.33,bench,0,22.0,71,23.4,0.073,0.465,0.184,3.0,0.388,1.2492929449071397,0.08070705509286036,0.08070705509286036
Julius Randle,2025-26,MIN,30864198.0,19.96,star,0,31.0,79,33.0,0.128,0.585,0.258,7.3,0.481,19.880070467171425,0.07992953282857584,0.07992953282857584
Marvin Bagley,2018-19,SAC,7305600.0,7.17,bench,0,20.0,62,25.3,0.124,0.562,0.237,5.7,0.504,7.249397975162397,-0.07939797516239722,0.07939797516239722
Onyeka Okongwu,2023-24,ATL,8109063.0,5.96,bench,1,23.0,55,25.5,0.094,0.674,0.134,4.1,0.611,5.882233037332796,0.07776696266720418,0.07776696266720418
Naz Reid,2024-25,MIN,13986432.0,9.95,starter,1,25.0,80,27.5,0.11,0.577,0.21,5.3,0.462,10.027704505766081,-0.07770450576608212,0.07770450576608212
Cory Joseph,2021-22,DET,7310000.0,6.5,bench,0,30.0,65,24.6,0.081,0.579,0.141,2.7,0.445,6.567856250898638,-0.06785625089863778,0.06785625089863778
Jakob Poeltl,2025-26,TOR,19500000.0,12.61,starter,0,30.0,46,25.0,0.115,0.698,0.15,4.7,0.7,12.675785629875627,-0.0657856298756272,0.0657856298756272
Neemias Queta,2024-25,BOS,2162606.0,1.54,bench,0,25.0,62,13.9,0.102,0.674,0.136,2.1,0.65,1.604841344843322,-0.06484134484332205,0.06484134484332205
Julian Strawther,2025-26,DEN,2674200.0,1.73,bench,0,24.0,57,15.1,0.082,0.59,0.187,2.6,0.467,1.668821775055419,0.06117822494458092,0.06117822494458092
Dwight Powell,2024-25,DAL,4000000.0,2.85,bench,0,33.0,55,10.0,0.073,0.713,0.073,0.8,0.689,2.7914470644170426,0.05855293558295749,0.05855293558295749
Tyson Chandler,2016-17,PHO,12415000.0,13.19,starter,0,34.0,47,27.6,0.13,0.703,0.112,3.3,0.671,13.132504492829934,0.05749550717006535,0.05749550717006535
Kawhi Leonard,2018-19,TOR,23114067.0,22.69,star,1,28.0,60,34.0,0.172,0.606,0.3,9.3,0.496,22.74682739242368,-0.056827392423677736,0.056827392423677736
Tristan Da Silva,2024-25,ORL,3628440.0,2.58,bench,0,24.0,74,22.0,0.074,0.522,0.149,2.7,0.412,2.527344223175602,0.05265577682439826,0.05265577682439826
Bobby Portis,2016-17,CHI,1453680.0,1.54,bench,0,22.0,64,15.6,0.11,0.545,0.19,2.9,0.488,1.588952988239857,-0.04895298823985694,0.04895298823985694
Eric Bledsoe,2016-17,PHO,14000000.0,14.87,starter,0,27.0,66,33.0,0.141,0.563,0.275,6.8,0.434,14.821256579833939,0.04874342016606015,0.04874342016606015
Larry Nance,2023-24,NOP,10375000.0,7.63,bench,0,31.0,61,19.9,0.103,0.653,0.112,2.3,0.573,7.676525586673755,-0.04652558667375484,0.04652558667375484
Doug McDermott,2019-20,IND,7333334.0,6.72,bench,0,28.0,69,19.9,0.093,0.62,0.186,3.9,0.488,6.76646082761414,-0.0464608276141405,0.0464608276141405
John Konchar,2024-25,MEM,6165000.0,4.39,bench,0,29.0,46,12.1,0.094,0.592,0.077,0.9,0.451,4.344433712949891,0.04556628705010901,0.04556628705010901
Jaren Jackson,2021-22,MEM,9180560.0,8.17,starter,1,22.0,78,27.3,0.096,0.535,0.248,5.5,0.415,8.214541438731182,-0.04454143873118177,0.04454143873118177
John Konchar,2020-21,MEM,2100000.0,1.92,bench,0,25.0,43,13.4,0.098,0.608,0.124,1.6,0.5,1.8754824078880141,0.044517592111985804,0.044517592111985804
Deni Avdija,2022-23,WAS,4916160.0,3.98,bench,1,22.0,76,26.6,0.084,0.535,0.165,3.3,0.437,4.023746748915386,-0.04374674891538577,0.04374674891538577
Tyus Jones,2023-24,WAS,14000000.0,10.29,starter,0,28.0,66,29.3,0.111,0.578,0.161,4.9,0.489,10.246295105857802,0.04370489414219669,0.04370489414219669
Taj Gibson,2019-20,NYK,9800000.0,8.98,starter,0,35.0,62,16.5,0.097,0.61,0.145,2.7,0.584,9.022169563166702,-0.04216956316670206,0.04216956316670206
De'Anthony Melton,2022-23,PHI,8250000.0,6.67,bench,0,25.0,77,27.9,0.079,0.566,0.162,3.6,0.425,6.71140698332495,-0.04140698332494974,0.04140698332494974
Marcus Smart,2019-20,BOS,11768879.0,10.78,starter,0,26.0,60,32.0,0.09,0.518,0.183,4.3,0.375,10.820655700418987,-0.040655700418987806,0.040655700418987806
Moritz Wagner,2023-24,ORL,8000000.0,5.88,bench,1,27.0,80,17.7,0.139,0.676,0.22,4.2,0.601,5.920435278476847,-0.04043527847684736,0.04043527847684736
Rodney Stuckey,2016-17,IND,7000000.0,7.44,bench,0,31.0,39,17.9,0.075,0.483,0.218,2.3,0.373,7.404483401162389,0.035516598837611824,0.035516598837611824
Frank Jackson,2021-22,DET,3000000.0,2.67,bench,0,24.0,53,22.0,0.064,0.53,0.203,3.7,0.402,2.6349119477521987,0.035088052247801205,0.035088052247801205
Goran Dragić,2019-20,MIA,19217900.0,17.61,star,0,34.0,59,28.2,0.114,0.573,0.248,5.4,0.441,17.578205872003817,0.0317941279961822,0.0317941279961822
Matisse Thybulle,2021-22,PHI,2840160.0,2.53,bench,1,25.0,66,25.5,0.057,0.594,0.095,2.3,0.5,2.560113538476362,-0.030113538476362223,0.030113538476362223
Jay Huff,2024-25,MEM,2088033.0,1.49,bench,0,27.0,64,11.7,0.108,0.666,0.194,2.5,0.515,1.5176724652942106,-0.027672465294210635,0.027672465294210635
Brandon Miller,2023-24,CHO,10880400.0,8.0,bench,0,21.0,74,32.2,0.083,0.552,0.235,6.4,0.44,8.022334134114015,-0.02233413411401486,0.02233413411401486
Jarell Martin,2016-17,MEM,1286160.0,1.37,bench,0,23.0,42,13.3,0.069,0.477,0.156,1.4,0.384,1.3513913363215355,0.018608663678464588,0.018608663678464588
Maxi Kleber,2019-20,DAL,8000000.0,7.33,bench,0,28.0,74,25.5,0.082,0.605,0.134,3.2,0.461,7.346646826362691,-0.01664682636269088,0.01664682636269088
Nickeil Alexander-Walker,2023-24,MIN,4687500.0,3.45,bench,0,25.0,82,23.4,0.071,0.578,0.143,2.9,0.439,3.437533086237271,0.012466913762729348,0.012466913762729348
Nikola Jović,2025-26,MIA,4445417.0,2.87,bench,0,23.0,47,17.2,0.073,0.48,0.203,2.4,0.366,2.8766493950186898,-0.006649395018689663,0.006649395018689663
Bilal Coulibaly,2024-25,WAS,6945240.0,4.94,bench,0,20.0,59,33.0,0.07,0.515,0.175,4.5,0.421,4.938141469918101,0.001858530081899623,0.001858530081899623
Jaylen Brown,2022-23,BOS,28741071.0,23.24,star,0,26.0,67,35.9,0.132,0.581,0.307,10.1,0.491,23.238493423672548,0.0015065763274506594,0.0015065763274506594
